# version 36
{"visible":[[[0,32400]]
,[[0,32400]]
,[[0,32400]]
,[[0,32400]]
,[[0,32400]]
,[[0,32400]]
,[[0,32400]]
,[[0,32400]]
,[[0,32400]]
,[[0,20120],[4,1],[0,7410],[4,2],[0,178],[4,2],[0,721],[4,1],[0,3965]]
,[[0,122],[3,13],[4,45],[0,122],[3,12],[4,46],[0,121],[3,12],[4,47],[0,121],[3,12],[4,47],[0,121],[3,11],[4,48],[0,121],[3,11],[4,48],[0,121],[3,5],[4,5],[3,1],[4,48],[0,80],[4,3],[0,43],[4,1],[3,1],[4,1],[3,3],[4,48],[0,79],[4,2],[0,11],[4,1],[0,27],[2,1],[4,8],[3,3],[4,48],[0,52],[4,1],[0,26],[4,1],[0,12],[4,2],[0,27],[4,1],[0,2],[3,2],[4,1],[3,2],[4,1],[3,2],[4,48],[0,50],[4,5],[0,24],[4,1],[0,12],[4,1],[0,7],[4,3],[0,18],[4,1],[0,1],[4,2],[3,1],[4,2],[3,1],[4,1],[3,2],[4,48],[0,50],[4,5],[0,24],[4,1],[0,12],[4,1],[0,7],[4,1],[0,1],[4,1],[0,18],[4,59],[0,49],[4,7],[0,23],[4,1],[0,12],[4,1],[0,7],[4,1],[0,20],[3,2],[4,1],[3,1],[4,5],[3,2],[4,48],[0,46],[4,9],[0,24],[4,1],[0,12],[4,1],[0,7],[4,1],[0,22],[3,3],[4,4],[3,2],[4,48],[0,43],[4,12],[0,24],[4,1],[0,12],[4,1],[0,7],[4,1],[0,1],[4,1],[0,18],[3,1],[4,8],[3,3],[4,47],[0,42],[4,8],[0,2],[4,1],[0,26],[4,1],[0,12],[4,1],[0,7],[4,3],[0,19],[4,1],[0,1],[3,2],[4,1],[3,6],[4,47],[0,41],[4,6],[0,2],[4,1],[0,29],[4,1],[0,12],[4,1],[0,9],[4,2],[0,18],[4,1],[3,3],[4,1],[3,7],[4,46],[0,41],[4,3],[0,5],[4,1],[0,29],[4,1],[0,12],[4,1],[0,10],[4,1],[0,8],[4,5],[0,4],[4,2],[3,12],[4,45],[0,40],[4,4],[0,5],[4,1],[0,29],[4,1],[0,12],[4,6],[0,5],[4,1],[0,8],[4,1],[0,3],[4,6],[3,14],[4,44],[0,40],[4,3],[0,6],[4,2],[0,28],[4,1],[0,17],[4,2],[0,4],[4,1],[0,8],[4,1],[0,10],[3,15],[4,42],[0,39],[4,4],[0,7],[4,1],[0,28],[4,1],[0,18],[4,1],[0,4],[4,1],[0,8],[4,1],[0,10],[3,16],[4,29],[3,3],[4,1],[3,1],[4,7],[0,39],[4,3],[0,8],[4,1],[0,28],[4,1],[0,11],[4,19],[0,2],[4,1],[0,11],[3,16],[4,27],[3,6],[4,7],[0,39],[4,3],[0,33],[4,11],[0,4],[4,26],[0,5],[4,1],[0,4],[3,1],[0,1],[3,13],[4,26],[3,6],[4,7],[0,39],[4,3],[0,33],[4,1],[0,3],[4,1],[0,5],[4,1],[0,4],[4,27],[0,1],[4,4],[0,7],[3,1],[4,2],[3,10],[4,24],[3,6],[4,8],[0,39],[4,3],[0,33],[4,1],[0,3],[4,1],[0,5],[4,8],[0,4],[4,1],[0,5],[4,2],[0,4],[4,8],[0,2],[4,12],[0,2],[3,10],[4,23],[3,5],[4,2],[3,1],[4,6],[0,39],[4,3],[0,33],[4,1],[0,1],[4,53],[0,3],[3,11],[4,21],[3,6],[4,1],[3,2],[4,6],[0,39],[4,3],[0,33],[4,1],[0,3],[4,1],[0,4],[4,8],[0,5],[4,1],[0,11],[4,1],[0,4],[4,4],[0,1],[4,11],[0,3],[4,1],[3,11],[4,19],[3,7],[4,1],[3,1],[4,7],[0,39],[4,3],[0,37],[4,1],[0,4],[4,3],[0,4],[4,1],[0,2],[4,1],[0,2],[4,1],[0,1],[4,1],[0,7],[4,1],[0,1],[4,1],[0,4],[4,4],[0,2],[4,11],[0,1],[4,1],[0,1],[3,11],[4,1],[3,1],[4,16],[3,8],[4,1],[3,1],[4,7],[0,39],[4,3],[0,36],[4,54],[0,3],[4,1],[3,8],[4,2],[3,5],[4,10],[3,10],[4,9],[0,39],[4,3],[0,42],[4,3],[0,4],[4,1],[0,3],[4,1],[0,4],[4,1],[0,2],[4,2],[0,4],[4,23],[0,3],[4,1],[3,7],[4,2],[3,26],[4,9],[0,39],[4,3],[0,42],[4,3],[0,4],[4,1],[0,8],[4,1],[0,1],[4,3],[0,4],[4,25],[0,1],[4,3],[3,1],[4,1],[3,2],[4,2],[3,27],[4,9],[0,39],[4,3],[0,39],[4,23],[0,1],[4,30],[0,2],[4,1],[3,33],[4,9],[0,39],[4,3],[0,38],[4,1],[0,3],[4,3],[0,4],[4,1],[0,2],[4,1],[0,3],[4,3],[0,2],[4,1],[0,4],[4,30],[3,33],[4,9],[0,39],[4,3],[0,23],[4,2],[0,13],[4,1],[0,3],[4,3],[0,4],[4,1],[0,5],[4,1],[0,4],[4,2],[0,5],[4,31],[3,30],[4,10],[0,39],[4,3],[0,24],[4,2],[0,10],[4,5],[0,1],[4,57],[3,29],[4,10],[0,39],[4,3],[0,25],[4,1],[0,12],[4,1],[0,3],[4,3],[0,4],[4,1],[0,5],[4,1],[0,5],[4,2],[0,4],[4,34],[3,26],[4,11],[0,39],[4,10],[0,18],[4,1],[0,9],[4,10],[0,3],[4,2],[0,5],[4,1],[0,3],[4,1],[0,1],[4,1],[0,4],[4,36],[3,24],[4,12],[0,39],[4,11],[0,17],[4,1],[0,3],[4,74],[3,6],[4,2],[3,14],[4,13],[0,40],[4,46],[0,5],[4,1],[0,5],[4,1],[0,5],[4,1],[0,5],[4,1],[0,4],[4,32],[3,5],[4,3],[3,2],[4,1],[3,7],[4,16],[0,48],[4,30],[0,2],[4,1],[0,10],[4,1],[0,2],[4,1],[0,2],[4,1],[0,5],[4,1],[0,5],[4,1],[0,3],[4,33],[3,1],[4,1],[3,1],[4,1],[3,1],[4,5],[3,6],[4,3],[3,1],[4,14],[0,49],[4,23],[0,8],[4,70],[3,1],[4,6],[3,5],[4,1],[3,3],[4,14],[0,80],[4,1],[0,10],[4,1],[0,5],[4,1],[0,5],[4,1],[0,5],[4,41],[3,1],[4,6],[3,9],[4,14],[0,80],[4,1],[0,10],[4,1],[0,5],[4,1],[0,4],[4,2],[0,5],[4,2],[0,2],[4,44],[3,1],[4,2],[3,5],[4,15],[0,80],[4,1],[0,10],[4,68],[3,6],[4,15],[0,91],[4,1],[0,5],[4,2],[0,4],[4,1],[0,5],[4,1],[0,1],[4,2],[0,1],[4,44],[3,7],[4,15],[0,90],[4,2],[0,5],[4,1],[0,5],[4,1],[0,5],[4,1],[0,3],[4,5],[0,1],[4,39],[3,7],[4,15],[0,89],[4,2],[0,12],[4,1],[0,5],[4,1],[0,3],[4,5],[0,1],[4,39],[3,7],[4,15],[0,88],[4,2],[0,13],[4,1],[0,5],[4,1],[0,5],[4,1],[0,1],[4,39],[3,1],[4,3],[3,5],[4,15],[0,103],[4,1],[0,12],[4,1],[0,2],[4,37],[3,1],[4,1],[3,7],[4,15],[0,103],[4,1],[0,15],[4,37],[3,1],[4,1],[3,7],[4,15],[0,103],[4,1],[0,15],[4,37],[3,1],[4,1],[3,7],[4,15],[0,103],[4,1],[0,15],[4,37],[3,1],[4,1],[3,7],[4,15],[0,103],[4,1],[0,15],[4,37],[3,1],[4,1],[3,7],[4,15],[0,103],[4,1],[0,16],[4,35],[3,2],[4,1],[3,7],[4,15],[0,103],[4,1],[0,16],[4,35],[3,2],[4,1],[3,7],[4,15],[0,48],[4,2],[0,53],[4,2],[0,16],[4,34],[3,2],[4,1],[3,8],[4,14],[0,103],[4,1],[0,17],[4,34],[3,2],[4,1],[3,8],[4,14],[0,103],[4,1],[0,18],[4,36],[3,8],[4,14],[0,103],[4,1],[0,19],[4,37],[3,3],[4,17],[0,103],[4,1],[0,20],[4,56],[0,103],[4,1],[0,22],[4,54],[0,99],[4,5],[0,24],[4,52],[0,96],[4,4],[0,3],[4,1],[0,29],[4,1],[0,2],[3,2],[4,42],[0,95],[4,2],[0,6],[4,1],[0,31],[3,3],[4,42],[0,94],[4,2],[0,7],[4,1],[0,30],[3,3],[4,43],[0,48],[4,5],[0,14],[4,7],[0,17],[4,1],[0,1],[4,2],[0,8],[4,1],[0,30],[3,3],[4,43],[0,52],[4,3],[0,12],[4,1],[0,5],[4,1],[0,17],[4,3],[0,9],[4,1],[0,29],[3,4],[4,43],[0,54],[4,3],[0,9],[4,2],[0,5],[4,2],[0,28],[4,1],[0,28],[3,5],[4,43],[0,56],[4,3],[0,6],[4,2],[0,7],[4,1],[0,28],[4,2],[0,27],[3,4],[4,44],[0,58],[4,5],[0,2],[4,1],[0,8],[4,1],[0,29],[4,1],[0,26],[2,1],[3,5],[4,43],[0,62],[4,4],[0,38],[4,2],[0,25],[3,6],[4,43],[0,64],[4,1],[0,40],[4,3],[0,23],[3,6],[4,43],[0,64],[4,2],[0,41],[4,2],[0,21],[3,7],[4,43],[0,65],[4,1],[0,42],[4,1],[0,21],[3,7],[4,43],[0,65],[4,1],[0,42],[4,1],[0,21],[3,7],[4,43],[0,65],[4,2],[0,41],[4,2],[0,20],[3,6],[4,44],[0,66],[4,1],[0,42],[4,1],[0,20],[3,6],[4,44],[0,66],[4,1],[0,41],[4,2],[0,19],[3,7],[4,44],[0,66],[4,2],[0,40],[4,1],[0,18],[3,9],[4,44],[0,67],[4,1],[0,39],[4,2],[0,17],[3,10],[4,44],[0,67],[4,1],[0,38],[4,2],[0,7],[4,2],[0,8],[3,11],[4,44],[0,67],[4,4],[0,35],[4,1],[0,7],[4,2],[0,7],[3,12],[4,45],[0,70],[4,2],[0,34],[4,9],[0,7],[3,13],[4,45],[0,71],[4,2],[0,35],[4,1],[0,5],[4,2],[0,6],[3,13],[4,45],[0,72],[4,1],[0,35],[4,3],[0,4],[4,1],[0,5],[3,14],[4,45],[0,72],[4,1],[0,37],[4,1],[0,4],[4,1],[0,4],[3,15],[4,45],[0,71],[4,3],[0,36],[4,1],[0,4],[4,2],[0,2],[3,16],[4,45],[0,67],[4,2],[0,2],[4,1],[0,1],[4,1],[0,35],[4,2],[0,5],[4,2],[0,1],[3,15],[4,46],[0,67],[4,1],[0,3],[4,1],[0,1],[4,1],[0,35],[4,1],[0,7],[4,1],[3,14],[4,48],[0,67],[4,5],[0,1],[4,3],[0,33],[4,1],[0,8],[3,13],[4,49],[0,73],[4,1],[0,1],[4,2],[0,6],[4,2],[0,24],[4,1],[0,8],[3,12],[4,50],[0,73],[4,1],[0,2],[4,5],[0,2],[4,1],[0,25],[4,1],[0,7],[3,12],[4,51],[0,73],[4,1],[0,6],[4,4],[0,25],[4,1],[0,7],[3,12],[4,51],[0,73],[4,1],[0,7],[4,1],[0,27],[4,1],[0,7],[3,11],[4,52],[0,73],[4,1],[0,7],[4,1],[0,26],[4,2],[0,7],[3,11],[4,52],[0,73],[4,1],[0,7],[4,1],[0,25],[4,2],[0,8],[3,11],[4,52],[0,73],[4,3],[0,5],[4,1],[0,23],[4,3],[0,9],[3,11],[4,52],[0,75],[4,3],[0,3],[4,2],[0,22],[4,1],[0,10],[2,1],[3,11],[4,52],[0,77],[4,1],[0,4],[4,1],[0,22],[4,1],[0,11],[3,11],[4,52],[0,77],[4,1],[0,4],[4,1],[0,22],[4,1],[0,11],[3,11],[4,52],[0,51],[4,1],[0,25],[4,1],[0,4],[4,1],[0,19],[4,4],[0,11],[3,11],[4,52],[0,51],[4,1],[0,25],[4,1],[0,4],[4,1],[0,18],[4,2],[0,14],[3,11],[4,52],[0,51],[4,1],[0,25],[4,11],[0,13],[4,1],[0,15],[3,3],[4,1],[3,8],[4,51],[0,51],[4,1],[0,26],[4,1],[0,3],[4,2],[0,3],[4,1],[0,13],[4,1],[0,15],[3,1],[4,3],[3,8],[4,51],[0,51],[4,1],[0,26],[4,1],[0,3],[4,1],[0,1],[4,4],[0,13],[4,1],[0,15],[4,2],[3,11],[4,50],[0,51],[4,1],[0,26],[4,1],[0,3],[4,1],[0,1],[4,1],[0,2],[4,15],[0,15],[4,1],[3,13],[4,49],[0,51],[4,1],[0,30],[4,1],[0,1],[4,1],[0,16],[4,1],[0,4],[4,1],[0,3],[4,1],[0,6],[4,1],[3,14],[4,48],[0,51],[4,1],[0,31],[4,2],[0,16],[4,1],[0,4],[4,1],[0,3],[4,1],[0,4],[4,3],[0,1],[3,15],[4,46],[0,51],[4,1],[0,31],[4,1],[0,17],[4,1],[0,2],[4,1],[0,1],[4,1],[0,3],[4,1],[0,3],[4,2],[0,3],[3,15],[4,46],[0,51],[4,1],[0,31],[4,1],[0,17],[4,1],[0,2],[4,1],[0,1],[4,2],[0,2],[4,1],[0,3],[4,1],[0,5],[3,13],[4,47],[0,51],[4,2],[0,30],[4,1],[0,14],[4,7],[0,1],[4,9],[0,6],[3,13],[4,46],[0,52],[4,2],[0,29],[4,1],[0,17],[4,1],[0,2],[4,1],[0,5],[4,1],[0,2],[4,3],[0,6],[3,12],[4,46],[0,53],[4,3],[0,19],[4,4],[0,3],[4,2],[0,17],[4,1],[0,2],[4,1],[0,5],[4,1],[0,3],[4,1],[0,2],[4,1],[0,4],[3,11],[4,47],[0,55],[4,1],[0,19],[4,1],[0,2],[4,5],[0,18],[4,1],[0,2],[4,1],[0,1],[4,12],[0,5],[3,9],[4,48],[0,55],[4,1],[0,19],[4,1],[0,25],[4,1],[0,2],[4,1],[0,1],[4,1],[0,3],[4,1],[0,3],[4,1],[0,10],[3,7],[4,1],[3,1],[4,46],[0,55],[4,1],[0,19],[4,1],[0,25],[4,1],[0,2],[4,1],[0,5],[4,1],[0,15],[3,6],[4,48],[0,55],[4,1],[0,19],[4,1],[0,22],[4,1],[0,1],[4,14],[0,13],[3,5],[4,1],[3,1],[4,46],[0,54],[4,4],[0,17],[4,1],[0,22],[4,1],[0,2],[4,1],[0,2],[4,1],[0,2],[4,1],[0,1],[4,5],[0,15],[3,2],[4,2],[3,1],[4,46],[0,54],[4,1],[0,20],[4,1],[0,22],[4,1],[0,2],[4,1],[0,2],[4,1],[0,2],[4,1],[0,2],[4,4],[0,17],[4,1],[3,2],[4,46],[0,48],[4,9],[0,18],[4,1],[0,22],[4,1],[0,2],[4,1],[0,2],[4,1],[0,1],[4,2],[0,2],[4,1],[0,2],[4,1],[0,16],[4,2],[0,2],[3,1],[4,45],[0,53],[4,1],[0,2],[4,1],[0,18],[4,1],[0,22],[4,1],[0,2],[4,1],[0,2],[4,1],[0,2],[4,2],[0,1],[4,1],[0,2],[4,1],[0,16],[4,1],[0,3],[3,1],[4,45],[0,53],[4,1],[0,21],[4,1],[0,22],[4,1],[0,2],[4,1],[0,2],[4,1],[0,2],[4,1],[0,2],[4,2],[0,1],[4,1],[0,16],[4,2],[0,1],[2,1],[3,1],[4,45],[0,53],[4,2],[0,20],[4,1],[0,20],[4,10],[0,1],[4,9],[0,15],[4,1],[0,2],[3,1],[4,45],[0,54],[4,1],[0,20],[4,1],[0,13],[4,2],[0,7],[4,1],[0,2],[4,2],[0,1],[4,1],[0,2],[4,1],[0,2],[4,1],[0,2],[4,1],[0,17],[4,1],[0,2],[3,2],[4,44],[0,54],[4,2],[0,17],[4,3],[0,14],[4,9],[0,2],[4,1],[0,2],[4,1],[2,2],[4,1],[0,2],[4,1],[0,2],[4,1],[0,13],[4,5],[0,2],[3,2],[4,44],[0,55],[4,2],[0,18],[4,1],[0,22],[4,1],[0,1],[3,1],[4,1],[3,1],[4,2],[3,2],[4,1],[3,2],[4,1],[3,2],[4,1],[0,1],[4,14],[0,2],[4,2],[0,1],[2,1],[3,2],[4,43],[0,56],[4,3],[0,15],[4,2],[0,20],[3,1],[0,1],[4,1],[3,2],[4,1],[3,8],[4,1],[3,2],[4,1],[3,1],[4,1],[0,12],[4,52],[0,58],[4,3],[0,11],[4,3],[0,20],[3,3],[4,1],[3,2],[4,1],[3,8],[4,1],[3,2],[4,1],[3,1],[4,1],[0,10],[4,3],[0,4],[4,1],[2,1],[3,2],[4,43],[0,60],[4,2],[0,10],[4,1],[0,23],[3,2],[4,4],[3,8],[4,6],[0,10],[4,1],[0,6],[4,1],[0,1],[3,3],[4,42],[0,61],[4,1],[0,8],[4,3],[0,23],[3,5],[4,1],[3,8],[4,1],[3,2],[4,1],[3,1],[0,11],[4,1],[0,6],[4,1],[0,2],[3,2],[4,42],[0,61],[4,4],[0,3],[4,3],[0,1],[4,1],[0,24],[3,4],[4,1],[3,8],[4,2],[3,1],[4,1],[3,2],[0,2],[3,4],[0,4],[4,4],[0,3],[4,1],[0,2],[3,3],[4,41],[0,64],[4,5],[0,3],[4,1],[0,16],[3,1],[0,7],[3,4],[4,1],[3,9],[4,2],[3,3],[2,1],[3,5],[0,7],[4,2],[0,2],[4,1],[0,3],[3,2],[4,41],[0,72],[4,1],[0,16],[3,2],[0,7],[3,2],[4,2],[3,10],[4,1],[3,10],[0,7],[4,6],[3,4],[4,40],[0,72],[4,1],[0,15],[3,4],[0,1],[3,8],[4,1],[3,10],[4,2],[3,6],[4,3],[3,1],[0,8],[4,4],[3,5],[4,39],[0,72],[4,1],[0,14],[3,6],[0,1],[3,7],[4,1],[3,11],[4,2],[3,3],[4,3],[3,1],[4,1],[3,2],[0,7],[4,2],[0,2],[3,5],[4,39],[0,72],[4,1],[0,13],[3,15],[4,1],[3,12],[4,5],[3,3],[4,1],[3,2],[0,7],[4,2],[0,1],[3,7],[4,38],[0,72],[4,1],[0,13],[3,15],[4,10],[3,11],[4,1],[3,3],[4,8],[3,9],[4,37],[0,72],[4,1],[0,12],[3,14],[4,14],[3,9],[4,1],[3,2],[4,2],[0,5],[4,2],[3,10],[4,36],[0,69],[4,4],[0,12],[3,13],[4,16],[3,8],[4,4],[3,1],[0,5],[4,2],[3,10],[4,36],[0,72],[4,1],[0,12],[3,12],[4,18],[3,8],[4,2],[3,4],[0,3],[3,11],[4,37],[0,51],[4,2],[0,16],[4,4],[0,11],[3,12],[4,20],[3,8],[4,1],[3,4],[0,2],[3,12],[4,37],[0,50],[4,2],[0,17],[4,1],[0,2],[4,1],[0,2],[4,1],[0,8],[3,12],[4,20],[3,8],[4,1],[3,16],[4,39],[0,50],[4,1],[0,18],[4,1],[0,2],[4,1],[0,2],[4,1],[0,8],[3,11],[4,22],[3,7],[4,1],[3,11],[4,44],[0,43],[4,2],[0,5],[4,1],[0,16],[4,11],[0,6],[3,11],[4,26],[3,3],[4,1],[3,9],[4,46],[0,44],[4,1],[0,5],[4,1],[0,16],[4,1],[0,1],[4,1],[0,2],[4,1],[0,2],[4,1],[0,8],[3,11],[4,28],[3,1],[4,2],[3,7],[4,47],[0,44],[4,1],[0,5],[4,1],[0,21],[4,1],[0,2],[4,1],[0,8],[3,11],[4,31],[3,6],[4,48],[0,41],[4,33],[0,1],[4,1],[0,7],[2,1],[3,11],[4,31],[3,5],[4,49],[0,39],[4,3],[0,8],[4,1],[0,21],[4,1],[0,2],[4,1],[0,7],[2,1],[3,11],[4,31],[3,5],[4,23],[3,1],[4,25],[0,38],[4,2],[0,10],[4,2],[0,20],[4,1],[0,2],[4,17],[3,3],[4,32],[3,3],[4,20],[3,2],[0,1],[4,1],[3,3],[4,23],[0,37],[4,2],[0,12],[4,1],[0,20],[4,1],[0,11],[3,7],[4,3],[3,1],[4,33],[3,2],[4,21],[3,2],[4,1],[0,1],[3,4],[4,21],[0,36],[4,2],[0,13],[4,2],[0,19],[4,1],[0,11],[3,9],[4,36],[3,1],[4,21],[3,2],[4,1],[3,1],[4,1],[3,4],[4,1],[3,1],[4,18],[0,36],[4,1],[0,7],[4,3],[0,3],[4,3],[0,13],[4,7],[0,11],[3,10],[4,86],[0,36],[4,1],[0,6],[4,2],[0,1],[4,5],[0,1],[4,1],[0,11],[4,3],[0,2],[4,1],[0,14],[3,10],[4,62],[3,4],[4,1],[3,2],[4,1],[3,2],[4,14],[0,35],[4,2],[0,5],[4,2],[0,8],[4,1],[0,10],[4,2],[0,4],[4,2],[0,13],[3,10],[4,62],[3,4],[4,1],[3,2],[4,1],[3,2],[4,14],[0,3],[4,9],[0,22],[4,2],[0,6],[4,1],[0,8],[4,2],[0,10],[4,1],[0,6],[4,1],[0,13],[3,11],[4,61],[3,7],[4,2],[3,1],[4,14],[0,2],[4,2],[0,7],[4,1],[0,22],[4,1],[0,7],[4,1],[0,20],[4,1],[0,6],[4,2],[0,13],[3,7],[4,4],[3,1],[4,59],[3,7],[4,1],[3,1],[4,15],[0,11],[4,1],[0,22],[4,1],[0,7],[4,1],[0,20],[4,1],[0,7],[4,1],[0,13],[3,6],[4,2],[3,2],[4,2],[3,1],[4,58],[3,7],[4,17],[0,11],[4,1],[0,21],[4,2],[0,7],[4,1],[0,20],[4,1],[0,7],[4,1],[0,7],[4,3],[0,3],[3,5],[4,2],[3,4],[4,59],[3,5],[4,2],[3,1],[4,1],[3,1],[4,15],[0,11],[4,1],[0,21],[4,1],[0,8],[4,1],[0,20],[4,1],[0,7],[4,1],[0,6],[4,2],[0,7],[3,4],[4,1],[3,5],[4,58],[3,2],[4,1],[3,2],[4,1],[3,2],[4,1],[3,1],[4,15],[0,11],[4,1],[0,21],[4,1],[0,8],[4,1],[0,20],[4,1],[0,7],[4,1],[0,4],[4,3],[0,7],[3,5],[4,1],[3,6],[4,57],[3,2],[4,1],[3,2],[4,2],[3,1],[4,17],[0,11],[4,1],[0,21],[4,1],[0,8],[4,1],[0,20],[4,1],[0,7],[4,1],[0,2],[4,3],[0,10],[3,4],[4,1],[3,7],[4,56],[3,2],[4,2],[3,1],[4,1],[3,2],[4,17],[0,11],[4,2],[0,17],[4,4],[0,8],[4,6],[0,15],[4,1],[0,7],[4,4],[0,13],[4,5],[3,6],[4,81],[0,12],[4,1],[0,17],[4,1],[0,16],[4,4],[0,12],[4,1],[0,7],[4,2],[0,15],[4,1],[3,3],[4,1],[3,7],[4,55],[3,2],[4,1],[3,2],[4,1],[3,1],[4,18],[0,12],[4,2],[0,15],[4,2],[0,19],[4,1],[0,12],[4,1],[0,5],[4,3],[0,16],[4,1],[3,2],[0,1],[4,3],[3,5],[4,55],[3,2],[4,1],[3,2],[4,1],[3,1],[4,18],[0,13],[4,1],[0,14],[4,2],[0,20],[4,1],[0,12],[4,1],[0,5],[4,1],[0,15],[4,2],[0,1],[4,1],[0,3],[4,1],[0,1],[4,4],[3,3],[4,54],[3,2],[4,1],[3,2],[4,1],[3,2],[4,17],[0,13],[4,2],[0,13],[4,1],[0,21],[4,2],[0,11],[4,1],[0,5],[4,1],[0,15],[4,2],[0,1],[4,1],[0,2],[4,2],[0,2],[3,2],[4,1],[3,3],[4,54],[3,2],[4,2],[3,1],[4,20],[0,14],[4,1],[0,13],[4,1],[0,22],[4,1],[0,11],[4,1],[0,5],[4,1],[0,15],[4,4],[0,1],[4,2],[0,3],[3,2],[4,1],[3,4],[4,53],[3,2],[4,1],[3,2],[4,1],[3,2],[4,17],[0,14],[4,3],[0,11],[4,1],[0,8],[4,4],[0,6],[4,9],[0,7],[4,1],[0,5],[4,2],[0,14],[4,6],[0,4],[3,8],[4,52],[3,2],[4,1],[3,2],[4,1],[3,2],[4,1],[3,1],[4,15],[0,16],[4,1],[0,10],[4,2],[0,7],[4,2],[0,2],[4,2],[0,5],[4,1],[0,7],[4,1],[0,7],[4,1],[0,6],[4,1],[0,14],[4,2],[0,8],[3,2],[4,3],[3,4],[4,48],[3,2],[4,1],[3,2],[4,1],[3,2],[4,1],[3,2],[4,1],[3,2],[4,14],[0,16],[4,1],[0,9],[4,2],[0,8],[4,1],[0,4],[4,7],[0,7],[4,9],[0,6],[4,1],[0,5],[4,4],[0,4],[4,3],[0,8],[3,4],[4,2],[3,2],[4,48],[3,3],[4,1],[3,5],[4,1],[3,2],[4,1],[3,2],[0,1],[3,1],[4,12],[0,16],[4,1],[0,9],[4,1],[0,9],[4,2],[0,24],[4,3],[0,5],[4,1],[0,5],[4,1],[0,2],[4,1],[0,4],[4,1],[0,10],[3,5],[4,51],[3,3],[4,14],[0,1],[4,11],[0,14],[4,13],[0,10],[4,2],[0,23],[4,15],[0,2],[4,2],[0,3],[4,1],[0,9],[3,8],[4,1],[3,1],[4,46],[3,7],[4,1],[3,2],[4,1],[3,2],[4,1],[3,2],[0,2],[4,12],[0,15],[4,2],[0,9],[4,2],[0,10],[4,4],[0,16],[4,5],[0,1],[4,2],[0,2],[4,1],[0,11],[4,2],[0,2],[4,5],[0,4],[3,2],[0,3],[3,4],[4,47],[3,8],[4,1],[3,2],[4,1],[3,1],[4,2],[3,2],[0,2],[4,12],[0,16],[4,1],[0,10],[4,2],[0,12],[4,3],[0,14],[4,1],[0,5],[4,3],[0,1],[4,1],[0,12],[4,4],[0,3],[4,1],[0,6],[3,8],[4,1],[3,1],[4,44],[3,11],[4,1],[3,5],[0,1],[3,2],[4,11],[0,16],[4,1],[0,11],[4,1],[0,12],[4,1],[0,14],[4,3],[0,7],[4,1],[0,1],[4,1],[0,15],[4,6],[0,2],[3,10],[4,47],[3,7],[4,5],[3,5],[0,1],[3,13],[0,15],[4,2],[0,11],[4,1],[0,6],[4,7],[0,24],[4,1],[0,1],[4,1],[0,19],[4,3],[3,11],[4,47],[3,7],[4,1],[3,9],[0,4],[3,10],[0,15],[4,1],[0,2],[4,12],[0,1],[4,5],[0,32],[4,2],[0,18],[4,1],[3,1],[4,1],[3,10],[4,48],[3,7],[4,2],[3,8],[2,1],[0,4],[3,9],[0,29],[4,1],[0,39],[4,2],[0,16],[3,1],[4,1],[3,1],[4,1],[3,10],[4,48],[3,8],[4,2],[3,7],[0,5],[3,9],[0,29],[4,2],[0,39],[4,1],[0,14],[3,3],[4,1],[3,1],[4,1],[3,10],[4,48],[3,9],[4,1],[3,7],[0,6],[3,8],[0,84],[3,4],[4,3],[3,10],[4,48],[3,17],[0,8],[3,6]]
,[[0,128],[3,13],[4,39],[0,128],[3,13],[4,39],[0,128],[3,13],[4,38],[3,1],[0,127],[2,1],[3,13],[4,38],[3,1],[0,128],[3,13],[4,37],[3,2],[0,128],[3,13],[4,37],[3,2],[0,128],[3,13],[4,36],[3,3],[0,128],[4,1],[3,12],[4,35],[3,4],[0,128],[3,14],[4,32],[3,6],[0,128],[3,14],[4,31],[3,7],[0,124],[4,1],[0,2],[4,1],[3,15],[4,30],[3,7],[0,129],[3,14],[4,30],[3,7],[0,125],[4,1],[0,1],[4,3],[3,14],[4,29],[3,7],[0,127],[4,3],[3,14],[4,29],[3,7],[0,127],[4,3],[3,15],[4,27],[3,8],[0,130],[3,15],[4,27],[3,8],[0,131],[3,15],[4,25],[3,9],[0,132],[3,14],[4,25],[3,9],[0,132],[3,15],[4,23],[3,10],[0,132],[2,1],[3,15],[4,21],[3,11],[0,133],[3,17],[4,17],[3,13],[0,133],[3,19],[4,13],[3,15],[0,134],[3,46],[0,92],[4,1],[0,28],[4,1],[0,13],[3,45],[0,104],[4,1],[0,8],[4,1],[0,2],[4,1],[0,3],[4,7],[0,8],[3,45],[0,116],[4,1],[0,3],[4,8],[0,8],[3,44],[0,90],[4,1],[0,24],[4,3],[0,2],[4,10],[0,7],[3,43],[0,99],[4,1],[0,7],[4,1],[0,7],[4,3],[0,2],[4,11],[0,7],[3,42],[0,111],[4,3],[0,2],[4,16],[0,7],[3,38],[4,3],[0,95],[4,1],[0,8],[4,1],[0,5],[4,5],[0,2],[4,15],[0,8],[3,35],[4,5],[0,102],[4,1],[0,1],[4,1],[0,5],[4,6],[0,1],[4,16],[0,8],[3,33],[4,6],[0,109],[4,25],[0,9],[3,30],[4,7],[0,94],[4,1],[0,3],[4,3],[0,8],[4,25],[0,10],[3,27],[4,9],[0,102],[4,1],[0,6],[4,25],[0,11],[3,25],[4,10],[0,109],[4,25],[0,11],[3,25],[4,10],[0,104],[4,1],[0,4],[4,25],[0,10],[3,25],[4,11],[0,90],[4,1],[0,10],[4,1],[0,6],[4,27],[0,9],[3,24],[4,12],[0,109],[4,25],[0,10],[3,23],[4,13],[0,114],[4,20],[0,10],[3,23],[4,13],[0,94],[4,1],[0,18],[4,21],[0,9],[3,23],[4,14],[0,111],[4,23],[0,9],[3,23],[4,14],[0,109],[4,25],[0,9],[3,23],[4,14],[0,102],[4,1],[0,7],[4,1],[0,2],[4,20],[0,10],[3,22],[4,15],[0,112],[4,20],[0,11],[3,22],[4,15],[0,98],[4,1],[0,12],[4,2],[0,1],[4,5],[0,1],[4,12],[0,11],[3,22],[4,15],[0,113],[4,5],[0,1],[4,12],[0,12],[3,22],[4,15],[0,113],[4,5],[0,1],[4,11],[0,13],[3,22],[4,15],[0,117],[4,1],[0,1],[4,9],[0,15],[3,22],[4,15],[0,116],[4,1],[0,2],[4,8],[0,15],[2,1],[3,22],[4,15],[0,121],[4,1],[0,21],[3,22],[4,15],[0,143],[3,22],[4,15],[0,143],[3,22],[4,15],[0,143],[3,22],[4,15],[0,143],[3,22],[4,15],[0,143],[3,22],[4,15],[0,104],[4,1],[0,38],[3,23],[4,14],[0,143],[3,5],[4,6],[3,12],[4,14],[0,142],[3,2],[4,14],[3,8],[4,14],[0,141],[3,1],[4,18],[3,3],[4,17],[0,139],[3,2],[4,39],[0,140],[4,40],[0,137],[3,2],[4,41],[0,136],[3,2],[4,42],[0,135],[3,3],[4,42],[0,134],[3,3],[4,43],[0,134],[3,3],[4,43],[0,133],[3,4],[4,43],[0,132],[3,5],[4,43],[0,132],[3,4],[4,44],[0,131],[2,1],[3,5],[4,43],[0,131],[3,6],[4,43],[0,131],[3,6],[4,43],[0,130],[3,7],[4,43],[0,130],[3,8],[4,42],[0,130],[3,8],[4,42],[0,130],[3,9],[4,41],[0,130],[3,10],[4,40],[0,129],[3,11],[4,40],[0,127],[3,13],[4,40],[0,126],[3,13],[4,41],[0,125],[3,15],[4,40],[0,123],[3,17],[4,40],[0,122],[3,18],[4,40],[0,122],[3,18],[4,40],[0,121],[3,19],[4,40],[0,120],[3,21],[4,39],[0,119],[3,21],[4,40],[0,119],[3,15],[4,46],[0,118],[3,14],[4,48],[0,118],[3,13],[4,49],[0,118],[3,12],[4,50],[0,117],[3,12],[4,51],[0,117],[3,12],[4,51],[0,117],[3,11],[4,52],[0,117],[3,11],[4,52],[0,117],[3,11],[4,52],[0,117],[3,11],[4,52],[0,116],[2,1],[3,11],[4,52],[0,117],[3,11],[4,52],[0,117],[3,11],[4,52],[0,117],[3,11],[4,52],[0,117],[3,11],[4,52],[0,117],[3,12],[4,51],[0,83],[4,1],[0,33],[3,12],[4,51],[0,118],[3,12],[4,50],[0,118],[3,13],[4,49],[0,118],[3,14],[4,48],[0,119],[3,15],[4,46],[0,119],[3,15],[4,46],[0,107],[4,1],[0,12],[3,13],[4,47],[0,113],[4,1],[0,7],[3,13],[4,46],[0,113],[4,1],[0,1],[4,1],[0,6],[3,12],[4,46],[0,117],[4,1],[0,4],[3,12],[4,46],[0,123],[3,11],[4,46],[0,125],[3,9],[4,46],[0,126],[3,8],[4,46],[0,111],[4,3],[0,13],[3,7],[4,46],[0,109],[4,1],[0,1],[4,3],[0,15],[3,5],[4,46],[0,111],[4,3],[0,18],[3,2],[4,46],[0,106],[4,1],[0,28],[4,45],[0,108],[4,1],[0,26],[4,45],[0,111],[4,1],[0,23],[4,45],[0,135],[4,45],[0,102],[4,1],[0,33],[4,44],[0,128],[4,1],[0,7],[4,44],[0,137],[4,43],[0,137],[4,43],[0,137],[4,43],[0,138],[4,42],[0,138],[4,42],[0,139],[4,41],[0,139],[4,41],[0,134],[4,1],[0,5],[4,40],[0,141],[4,39],[0,141],[4,39],[0,142],[4,38],[0,143],[4,37],[0,133],[4,1],[0,10],[4,36],[0,144],[4,36],[0,145],[4,35],[0,146],[4,34],[0,147],[4,33],[0,132],[2,1],[0,15],[4,32],[0,124],[3,17],[0,9],[4,30],[0,67],[4,1],[0,53],[3,23],[0,7],[4,29],[0,119],[3,27],[0,6],[4,28],[0,116],[2,1],[3,31],[2,1],[0,5],[4,26],[0,115],[3,35],[0,5],[4,25],[0,113],[3,39],[0,5],[4,23],[0,112],[3,41],[0,6],[4,21],[0,111],[3,43],[0,8],[4,18],[0,109],[3,45],[4,6],[0,4],[4,16],[0,69],[4,1],[0,38],[3,49],[0,11],[4,12],[0,107],[3,51],[0,9],[4,2],[0,2],[4,2],[0,4],[4,1],[0,109],[3,51],[0,6],[4,1],[0,121],[3,53],[0,9],[4,1],[0,2],[4,1],[0,113],[3,55],[0,124],[3,57],[0,4],[4,1],[0,1],[4,1],[0,116],[3,57],[0,122],[3,58],[4,1],[0,120],[2,1],[3,24],[4,11],[3,20],[4,1],[3,3],[2,1],[0,1],[4,1],[0,7],[4,1],[0,109],[3,23],[4,15],[3,23],[0,109],[4,1],[0,9],[3,21],[4,19],[3,21],[0,118],[3,21],[4,21],[3,21],[0,117],[3,19],[4,25],[3,19],[0,101],[4,1],[0,14],[3,20],[4,25],[3,20],[0,115],[3,19],[4,27],[3,19],[0,115],[3,18],[4,29],[3,18],[0,114],[3,19],[4,29],[3,19],[0,113],[3,18],[4,31],[3,18],[0,113],[3,18],[4,31],[3,18],[0,113],[3,17],[4,33],[3,17],[0,29],[4,1],[0,82],[3,18],[4,33],[3,17],[0,109],[3,21],[4,33],[3,17],[0,106],[3,24],[4,33],[3,17],[0,104],[3,26],[4,33],[3,17],[0,102],[3,28],[4,33],[3,17],[2,1],[0,100],[3,3],[4,1],[3,25],[4,33],[3,17],[0,99],[3,31],[4,33],[3,17],[0,98],[3,32],[4,33],[3,17],[0,14]]
,[[0,1077],[3,3],[0,173],[3,7],[0,171],[3,9],[0,168],[3,12],[0,166],[3,14],[0,164],[3,16],[0,163],[3,17],[0,161],[3,19],[0,160],[3,20],[0,159],[3,21],[0,157],[3,23],[0,156],[3,24],[0,155],[3,25],[0,154],[3,26],[0,153],[3,27],[0,153],[3,27],[0,152],[3,28],[0,151],[3,29],[0,150],[3,30],[0,150],[3,30],[0,149],[3,31],[0,148],[3,32],[0,148],[3,32],[0,147],[3,30],[4,3],[0,147],[3,28],[4,5],[0,119],[4,1],[0,26],[3,28],[4,6],[0,146],[3,27],[4,7],[0,146],[3,25],[4,9],[0,102],[4,1],[0,42],[3,25],[4,10],[0,145],[3,25],[4,10],[0,144],[3,25],[4,11],[0,144],[3,24],[4,12],[0,144],[3,23],[4,13],[0,144],[3,23],[4,13],[0,94],[4,1],[0,48],[3,23],[4,14],[0,143],[3,23],[4,14],[0,143],[3,23],[4,14],[0,102],[4,1],[0,40],[3,22],[4,15],[0,143],[3,22],[4,15],[0,143],[3,22],[4,15],[0,143],[3,22],[4,15],[0,143],[3,22],[4,15],[0,143],[3,22],[4,15],[0,142],[2,1],[3,22],[4,15],[0,143],[3,22],[4,15],[0,143],[3,22],[4,15],[0,143],[3,22],[4,15],[0,143],[3,22],[4,15],[0,143],[3,22],[4,15],[0,143],[3,22],[4,15],[0,143],[3,23],[4,14],[0,143],[3,23],[4,14],[0,143],[3,23],[4,14],[0,144],[3,23],[4,13],[0,144],[3,23],[4,13],[0,144],[3,24],[4,12],[0,144],[3,13],[4,1],[3,11],[4,11],[0,145],[3,7],[4,11],[3,7],[4,10],[0,145],[3,4],[4,17],[3,4],[4,10],[0,146],[3,2],[4,19],[3,4],[4,9],[0,146],[4,23],[3,4],[4,7],[0,145],[4,35],[0,144],[4,36],[0,143],[4,37],[0,143],[4,37],[0,142],[4,38],[0,141],[4,39],[0,141],[4,39],[0,141],[4,39],[0,140],[4,40],[0,138],[2,1],[0,1],[4,40],[0,132],[3,8],[4,40],[0,129],[3,11],[4,40],[0,127],[3,13],[4,40],[0,126],[3,13],[4,41],[0,125],[3,15],[4,40],[0,123],[3,17],[4,40],[0,122],[3,18],[4,40],[0,122],[3,18],[4,40],[0,121],[3,19],[4,40],[0,120],[3,21],[4,39],[0,119],[3,21],[4,40],[0,119],[3,15],[4,46],[0,118],[3,14],[4,48],[0,118],[3,13],[4,49],[0,118],[3,12],[4,50],[0,117],[3,12],[4,51],[0,117],[3,12],[4,51],[0,117],[3,11],[4,52],[0,117],[3,11],[4,52],[0,117],[3,11],[4,52],[0,117],[3,11],[4,52],[0,116],[2,1],[3,11],[4,52],[0,117],[3,11],[4,52],[0,117],[3,11],[4,52],[0,117],[3,11],[4,52],[0,117],[3,11],[4,52],[0,117],[3,12],[4,51],[0,83],[4,1],[0,33],[3,12],[4,51],[0,118],[3,12],[4,50],[0,118],[3,13],[4,49],[0,118],[3,14],[4,48],[0,119],[3,15],[4,46],[0,119],[3,15],[4,46],[0,120],[3,13],[4,47],[0,121],[3,13],[4,46],[0,122],[3,12],[4,46],[0,122],[3,12],[4,46],[0,123],[3,11],[4,46],[0,125],[3,9],[4,46],[0,126],[3,8],[4,46],[0,111],[4,3],[0,13],[3,7],[4,46],[0,111],[4,3],[0,15],[3,5],[4,46],[0,111],[4,3],[0,18],[3,2],[4,46],[0,135],[4,45],[0,108],[4,1],[0,26],[4,45],[0,135],[4,45],[0,135],[4,45],[0,136],[4,44],[0,136],[4,44],[0,137],[4,43],[0,137],[4,43],[0,137],[4,43],[0,138],[4,42],[0,138],[4,42],[0,139],[4,41],[0,139],[4,41],[0,140],[4,40],[0,141],[4,39],[0,141],[4,39],[0,142],[4,38],[0,143],[4,37],[0,144],[4,36],[0,144],[4,36],[0,145],[4,35],[0,146],[4,34],[0,147],[4,33],[0,132],[2,1],[0,15],[4,32],[0,124],[3,17],[0,9],[4,30],[0,121],[3,23],[0,7],[4,29],[0,119],[3,27],[0,6],[4,28],[0,116],[2,1],[3,31],[2,1],[0,5],[4,26],[0,115],[3,35],[0,5],[4,25],[0,113],[3,39],[0,5],[4,23],[0,112],[3,41],[0,6],[4,21],[0,111],[3,43],[0,8],[4,18],[0,109],[3,47],[0,8],[4,16],[0,108],[3,49],[0,11],[4,12],[0,107],[3,51],[0,9],[4,1],[0,3],[4,2],[0,4],[4,1],[0,109],[3,51],[0,128],[3,53],[0,126],[3,55],[0,124],[3,57],[0,123],[3,57],[0,122],[3,59],[0,120],[2,1],[3,24],[4,11],[3,24],[2,1],[0,119],[3,23],[4,15],[3,23],[0,119],[3,21],[4,19],[3,21],[0,118],[3,21],[4,21],[3,21],[0,117],[3,19],[4,25],[3,19],[0,116],[3,20],[4,25],[3,20],[0,115],[3,19],[4,27],[3,19],[0,115],[3,18],[4,29],[3,18],[0,114],[3,19],[4,29],[3,19],[0,113],[3,18],[4,31],[3,18],[0,113],[3,18],[4,31],[3,18],[0,113],[3,17],[4,33],[3,17],[0,112],[3,18],[4,33],[3,17],[0,109],[3,21],[4,33],[3,17],[0,106],[3,24],[4,33],[3,17],[0,104],[3,26],[4,33],[3,17],[0,102],[3,28],[4,33],[3,17],[2,1],[0,100],[3,29],[4,33],[3,17],[0,99],[3,31],[4,33],[3,17],[0,98],[3,32],[4,33],[3,17],[0,14]]
,[[0,1077],[3,3],[0,173],[3,7],[0,171],[3,9],[0,168],[3,12],[0,166],[3,14],[0,164],[3,16],[0,163],[3,17],[0,161],[3,19],[0,160],[3,20],[0,159],[3,21],[0,157],[3,23],[0,156],[3,24],[0,155],[3,25],[0,154],[3,26],[0,153],[3,27],[0,153],[3,27],[0,152],[3,28],[0,151],[3,29],[0,150],[3,30],[0,150],[3,30],[0,149],[3,31],[0,148],[3,32],[0,148],[3,32],[0,147],[3,30],[4,3],[0,147],[3,28],[4,5],[0,146],[3,28],[4,6],[0,146],[3,27],[4,7],[0,146],[3,25],[4,9],[0,145],[3,25],[4,10],[0,145],[3,25],[4,10],[0,144],[3,25],[4,11],[0,144],[3,24],[4,12],[0,144],[3,23],[4,13],[0,144],[3,23],[4,13],[0,143],[3,23],[4,14],[0,143],[3,23],[4,14],[0,143],[3,23],[4,14],[0,143],[3,22],[4,15],[0,143],[3,22],[4,15],[0,143],[3,22],[4,15],[0,143],[3,22],[4,15],[0,143],[3,22],[4,15],[0,143],[3,22],[4,15],[0,142],[2,1],[3,22],[4,15],[0,143],[3,22],[4,15],[0,143],[3,22],[4,15],[0,143],[3,22],[4,15],[0,143],[3,22],[4,15],[0,143],[3,22],[4,15],[0,143],[3,22],[4,15],[0,143],[3,23],[4,14],[0,143],[3,23],[4,14],[0,143],[3,23],[4,14],[0,144],[3,23],[4,13],[0,144],[3,23],[4,13],[0,144],[3,24],[4,12],[0,144],[3,13],[4,1],[3,11],[4,11],[0,145],[3,7],[4,11],[3,7],[4,10],[0,145],[3,4],[4,17],[3,4],[4,10],[0,146],[3,2],[4,19],[3,4],[4,9],[0,146],[4,23],[3,4],[4,7],[0,145],[4,35],[0,144],[4,36],[0,143],[4,37],[0,143],[4,37],[0,142],[4,38],[0,141],[4,39],[0,141],[4,39],[0,141],[4,39],[0,140],[4,40],[0,138],[2,1],[0,1],[4,40],[0,132],[3,8],[4,40],[0,129],[3,11],[4,40],[0,127],[3,13],[4,40],[0,126],[3,13],[4,41],[0,125],[3,15],[4,40],[0,123],[3,17],[4,40],[0,122],[3,18],[4,40],[0,122],[3,18],[4,40],[0,121],[3,19],[4,40],[0,120],[3,21],[4,39],[0,119],[3,21],[4,40],[0,119],[3,15],[4,46],[0,118],[3,14],[4,48],[0,118],[3,13],[4,49],[0,118],[3,12],[4,50],[0,117],[3,12],[4,51],[0,117],[3,12],[4,51],[0,117],[3,11],[4,52],[0,117],[3,11],[4,52],[0,117],[3,11],[4,52],[0,117],[3,11],[4,52],[0,116],[2,1],[3,11],[4,52],[0,117],[3,11],[4,52],[0,117],[3,11],[4,52],[0,117],[3,11],[4,52],[0,117],[3,11],[4,52],[0,117],[3,12],[4,51],[0,117],[3,12],[4,51],[0,118],[3,12],[4,50],[0,118],[3,13],[4,49],[0,118],[3,14],[4,48],[0,119],[3,15],[4,46],[0,119],[3,15],[4,46],[0,120],[3,13],[4,47],[0,121],[3,13],[4,46],[0,122],[3,12],[4,46],[0,122],[3,12],[4,46],[0,123],[3,11],[4,46],[0,125],[3,9],[4,46],[0,126],[3,8],[4,46],[0,127],[3,7],[4,46],[0,129],[3,5],[4,46],[0,132],[3,2],[4,46],[0,135],[4,45],[0,135],[4,45],[0,135],[4,45],[0,135],[4,45],[0,136],[4,44],[0,136],[4,44],[0,137],[4,43],[0,137],[4,43],[0,137],[4,43],[0,138],[4,42],[0,138],[4,42],[0,139],[4,41],[0,139],[4,41],[0,140],[4,40],[0,141],[4,39],[0,141],[4,39],[0,142],[4,38],[0,143],[4,37],[0,144],[4,36],[0,144],[4,36],[0,145],[4,35],[0,146],[4,34],[0,147],[4,33],[0,132],[2,1],[0,15],[4,32],[0,124],[3,17],[0,9],[4,30],[0,121],[3,23],[0,7],[4,29],[0,119],[3,27],[0,6],[4,28],[0,116],[2,1],[3,31],[2,1],[0,5],[4,26],[0,115],[3,35],[0,5],[4,25],[0,113],[3,39],[0,5],[4,23],[0,112],[3,41],[0,6],[4,21],[0,111],[3,43],[0,8],[4,18],[0,109],[3,47],[0,8],[4,16],[0,108],[3,49],[0,11],[4,12],[0,107],[3,51],[0,19],[4,1],[0,109],[3,51],[0,128],[3,53],[0,126],[3,55],[0,124],[3,57],[0,123],[3,57],[0,122],[3,59],[0,120],[2,1],[3,24],[4,11],[3,24],[2,1],[0,119],[3,23],[4,15],[3,23],[0,119],[3,21],[4,19],[3,21],[0,118],[3,21],[4,21],[3,21],[0,117],[3,19],[4,25],[3,19],[0,116],[3,20],[4,25],[3,20],[0,115],[3,19],[4,27],[3,19],[0,115],[3,18],[4,29],[3,18],[0,114],[3,19],[4,29],[3,19],[0,113],[3,18],[4,31],[3,18],[0,113],[3,18],[4,31],[3,18],[0,113],[3,17],[4,33],[3,17],[0,112],[3,18],[4,33],[3,17],[0,109],[3,21],[4,33],[3,17],[0,106],[3,24],[4,33],[3,17],[0,104],[3,26],[4,33],[3,17],[0,102],[3,28],[4,33],[3,17],[2,1],[0,100],[3,29],[4,33],[3,17],[0,99],[3,31],[4,33],[3,17],[0,98],[3,32],[4,33],[3,17],[0,14]]
,[[0,1077],[3,3],[0,173],[3,7],[0,171],[3,9],[0,168],[3,12],[0,166],[3,14],[0,164],[3,16],[0,163],[3,17],[0,161],[3,19],[0,160],[3,20],[0,159],[3,21],[0,157],[3,23],[0,156],[3,24],[0,155],[3,25],[0,154],[3,26],[0,153],[3,27],[0,153],[3,27],[0,152],[3,28],[0,151],[3,29],[0,150],[3,30],[0,150],[3,30],[0,149],[3,31],[0,148],[3,32],[0,148],[3,32],[0,147],[3,30],[4,3],[0,147],[3,28],[4,5],[0,146],[3,28],[4,6],[0,146],[3,27],[4,7],[0,146],[3,25],[4,9],[0,145],[3,25],[4,10],[0,145],[3,25],[4,10],[0,144],[3,25],[4,11],[0,144],[3,24],[4,12],[0,144],[3,23],[4,13],[0,144],[3,23],[4,13],[0,143],[3,23],[4,14],[0,143],[3,23],[4,14],[0,143],[3,23],[4,14],[0,143],[3,22],[4,15],[0,143],[3,22],[4,15],[0,143],[3,22],[4,15],[0,143],[3,22],[4,15],[0,143],[3,22],[4,15],[0,143],[3,22],[4,15],[0,142],[2,1],[3,22],[4,15],[0,143],[3,22],[4,15],[0,143],[3,22],[4,15],[0,143],[3,22],[4,15],[0,143],[3,22],[4,15],[0,143],[3,22],[4,15],[0,143],[3,22],[4,15],[0,143],[3,23],[4,14],[0,143],[3,23],[4,14],[0,143],[3,23],[4,14],[0,144],[3,23],[4,13],[0,144],[3,23],[4,13],[0,144],[3,24],[4,12],[0,144],[3,13],[4,1],[3,11],[4,11],[0,145],[3,7],[4,11],[3,7],[4,10],[0,145],[3,4],[4,17],[3,4],[4,10],[0,146],[3,2],[4,19],[3,4],[4,9],[0,146],[4,23],[3,4],[4,7],[0,145],[4,35],[0,144],[4,36],[0,143],[4,37],[0,143],[4,37],[0,142],[4,38],[0,141],[4,39],[0,141],[4,39],[0,141],[4,39],[0,140],[4,40],[0,138],[2,1],[0,1],[4,40],[0,132],[3,8],[4,40],[0,129],[3,11],[4,40],[0,127],[3,13],[4,40],[0,126],[3,13],[4,41],[0,125],[3,15],[4,40],[0,123],[3,17],[4,40],[0,122],[3,18],[4,40],[0,122],[3,18],[4,40],[0,121],[3,19],[4,40],[0,120],[3,21],[4,39],[0,119],[3,21],[4,40],[0,119],[3,15],[4,46],[0,118],[3,14],[4,48],[0,118],[3,13],[4,49],[0,118],[3,12],[4,50],[0,117],[3,12],[4,51],[0,117],[3,12],[4,51],[0,117],[3,11],[4,52],[0,117],[3,11],[4,52],[0,117],[3,11],[4,52],[0,117],[3,11],[4,52],[0,116],[2,1],[3,11],[4,52],[0,117],[3,11],[4,52],[0,117],[3,11],[4,52],[0,117],[3,11],[4,52],[0,117],[3,11],[4,52],[0,117],[3,12],[4,51],[0,117],[3,12],[4,51],[0,118],[3,12],[4,50],[0,118],[3,13],[4,49],[0,118],[3,14],[4,48],[0,119],[3,15],[4,46],[0,119],[3,15],[4,46],[0,120],[3,13],[4,47],[0,121],[3,13],[4,46],[0,122],[3,12],[4,46],[0,122],[3,12],[4,46],[0,123],[3,11],[4,46],[0,125],[3,9],[4,46],[0,126],[3,8],[4,46],[0,127],[3,7],[4,46],[0,129],[3,5],[4,46],[0,132],[3,2],[4,46],[0,135],[4,45],[0,135],[4,45],[0,135],[4,45],[0,135],[4,45],[0,136],[4,44],[0,136],[4,44],[0,137],[4,43],[0,137],[4,43],[0,137],[4,43],[0,138],[4,42],[0,138],[4,42],[0,139],[4,41],[0,139],[4,41],[0,140],[4,40],[0,141],[4,39],[0,141],[4,39],[0,142],[4,38],[0,143],[4,37],[0,144],[4,36],[0,144],[4,36],[0,145],[4,35],[0,146],[4,34],[0,147],[4,33],[0,148],[4,32],[0,150],[4,30],[0,151],[4,29],[0,152],[4,28],[0,154],[4,26],[0,155],[4,25],[0,157],[4,23],[0,159],[4,21],[0,162],[4,18],[0,164],[4,16],[0,168],[4,12],[0,177],[4,1],[0,3168],[2,1],[0,171],[3,17],[0,160],[3,23],[0,154],[3,29],[0,149],[3,33],[0,145],[3,37],[0,142],[3,39],[0,139],[3,43],[0,136],[3,45],[0,51]]
,[[0,1077],[3,3],[0,173],[3,7],[0,171],[3,9],[0,168],[3,12],[0,166],[3,14],[0,164],[3,16],[0,163],[3,17],[0,161],[3,19],[0,160],[3,20],[0,159],[3,21],[0,157],[3,23],[0,156],[3,24],[0,155],[3,25],[0,154],[3,26],[0,153],[3,27],[0,153],[3,27],[0,152],[3,28],[0,151],[3,29],[0,150],[3,30],[0,150],[3,30],[0,149],[3,31],[0,148],[3,32],[0,148],[3,32],[0,147],[3,30],[4,3],[0,147],[3,28],[4,5],[0,146],[3,28],[4,6],[0,146],[3,27],[4,7],[0,146],[3,25],[4,9],[0,145],[3,25],[4,10],[0,145],[3,25],[4,10],[0,144],[3,25],[4,11],[0,144],[3,24],[4,12],[0,144],[3,23],[4,13],[0,144],[3,23],[4,13],[0,143],[3,23],[4,14],[0,143],[3,23],[4,14],[0,143],[3,23],[4,14],[0,143],[3,22],[4,15],[0,143],[3,22],[4,15],[0,143],[3,22],[4,15],[0,143],[3,22],[4,15],[0,143],[3,22],[4,15],[0,143],[3,22],[4,15],[0,142],[2,1],[3,22],[4,15],[0,143],[3,22],[4,15],[0,143],[3,22],[4,15],[0,143],[3,22],[4,15],[0,143],[3,22],[4,15],[0,143],[3,22],[4,15],[0,143],[3,22],[4,15],[0,143],[3,23],[4,14],[0,143],[3,23],[4,14],[0,143],[3,23],[4,14],[0,144],[3,23],[4,13],[0,144],[3,23],[4,13],[0,144],[3,24],[4,12],[0,144],[3,25],[4,11],[0,145],[3,25],[4,10],[0,145],[3,25],[4,10],[0,146],[3,25],[4,9],[0,146],[3,27],[4,7],[0,146],[3,22],[4,12],[0,147],[3,17],[4,16],[0,147],[3,15],[4,18],[0,148],[3,11],[4,21],[0,148],[3,9],[4,23],[0,149],[3,6],[4,25],[0,150],[3,4],[4,26],[0,150],[3,2],[4,28],[0,151],[4,29],[0,138],[2,1],[0,11],[4,30],[0,132],[3,13],[0,3],[4,32],[0,129],[3,18],[4,33],[0,127],[3,19],[4,34],[0,126],[3,19],[4,35],[0,125],[3,19],[4,36],[0,123],[3,21],[4,36],[0,122],[3,21],[4,37],[0,122],[3,20],[4,38],[0,121],[3,20],[4,39],[0,120],[3,21],[4,39],[0,119],[3,21],[4,40],[0,119],[3,15],[4,46],[0,118],[3,14],[4,48],[0,118],[3,13],[4,49],[0,118],[3,12],[4,50],[0,117],[3,12],[4,51],[0,117],[3,12],[4,51],[0,117],[3,11],[4,52],[0,117],[3,11],[4,52],[0,117],[3,11],[4,52],[0,117],[3,11],[4,52],[0,116],[2,1],[3,11],[4,52],[0,117],[3,11],[4,52],[0,117],[3,11],[4,52],[0,117],[3,11],[4,52],[0,117],[3,11],[4,52],[0,117],[3,12],[4,51],[0,117],[3,12],[4,51],[0,118],[3,12],[4,50],[0,118],[3,13],[4,49],[0,118],[3,14],[4,48],[0,119],[3,15],[4,46],[0,119],[3,15],[4,46],[0,120],[3,13],[4,47],[0,121],[3,13],[4,46],[0,122],[3,12],[4,46],[0,122],[3,12],[4,46],[0,123],[3,11],[4,46],[0,125],[3,9],[4,46],[0,126],[3,8],[4,46],[0,127],[3,7],[4,46],[0,129],[3,5],[4,46],[0,132],[3,2],[4,46],[0,135],[4,45],[0,135],[4,45],[0,135],[4,45],[0,135],[4,45],[0,136],[4,44],[0,136],[4,44],[0,137],[4,43],[0,137],[4,43],[0,137],[4,43],[0,138],[4,42],[0,138],[4,42],[0,139],[4,41],[0,139],[4,41],[0,140],[4,40],[0,141],[4,39],[0,141],[4,39],[0,142],[4,38],[0,143],[4,37],[0,144],[4,36],[0,144],[4,36],[0,145],[4,35],[0,146],[4,34],[0,147],[4,33],[0,148],[4,32],[0,150],[4,30],[0,151],[4,29],[0,152],[4,28],[0,154],[4,26],[0,155],[4,25],[0,157],[4,23],[0,159],[4,21],[0,162],[4,18],[0,164],[4,16],[0,168],[4,12],[0,177],[4,1],[0,4682]]
,[[0,1077],[3,3],[0,173],[3,7],[0,171],[3,9],[0,168],[3,12],[0,166],[3,14],[0,164],[3,16],[0,163],[3,17],[0,161],[3,19],[0,160],[3,20],[0,159],[3,21],[0,157],[3,23],[0,156],[3,24],[0,155],[3,25],[0,154],[3,26],[0,153],[3,27],[0,153],[3,27],[0,152],[3,28],[0,151],[3,29],[0,150],[3,30],[0,150],[3,30],[0,149],[3,31],[0,148],[3,32],[0,148],[3,32],[0,147],[3,30],[4,3],[0,147],[3,28],[4,5],[0,146],[3,28],[4,6],[0,146],[3,27],[4,7],[0,146],[3,25],[4,9],[0,145],[3,25],[4,10],[0,145],[3,25],[4,10],[0,144],[3,25],[4,11],[0,144],[3,24],[4,12],[0,144],[3,23],[4,13],[0,144],[3,23],[4,13],[0,143],[3,23],[4,14],[0,143],[3,23],[4,14],[0,143],[3,23],[4,14],[0,143],[3,22],[4,15],[0,143],[3,22],[4,15],[0,143],[3,22],[4,15],[0,143],[3,22],[4,15],[0,143],[3,22],[4,15],[0,143],[3,22],[4,15],[0,142],[2,1],[3,22],[4,15],[0,143],[3,22],[4,15],[0,143],[3,22],[4,15],[0,143],[3,22],[4,15],[0,143],[3,22],[4,15],[0,143],[3,22],[4,15],[0,143],[3,22],[4,15],[0,143],[3,23],[4,14],[0,143],[3,23],[4,14],[0,143],[3,23],[4,14],[0,144],[3,23],[4,13],[0,144],[3,23],[4,13],[0,144],[3,24],[4,12],[0,144],[3,25],[4,11],[0,145],[3,25],[4,10],[0,145],[3,25],[4,10],[0,146],[3,25],[4,9],[0,146],[3,27],[4,7],[0,146],[3,22],[4,12],[0,147],[3,17],[4,16],[0,147],[3,15],[4,18],[0,148],[3,11],[4,21],[0,148],[3,9],[4,23],[0,149],[3,6],[4,25],[0,150],[3,4],[4,26],[0,150],[3,2],[4,28],[0,151],[4,29],[0,138],[2,1],[0,11],[4,30],[0,132],[3,13],[0,3],[4,32],[0,129],[3,18],[4,33],[0,127],[3,19],[4,34],[0,126],[3,19],[4,35],[0,125],[3,19],[4,36],[0,123],[3,21],[4,36],[0,122],[3,21],[4,37],[0,122],[3,20],[4,38],[0,121],[3,20],[4,39],[0,120],[3,21],[4,39],[0,119],[3,21],[4,40],[0,119],[3,15],[4,46],[0,118],[3,14],[4,48],[0,118],[3,13],[4,49],[0,118],[3,12],[4,50],[0,117],[3,12],[4,51],[0,117],[3,12],[4,51],[0,117],[3,11],[4,52],[0,117],[3,11],[4,52],[0,117],[3,11],[4,52],[0,117],[3,11],[4,52],[0,116],[2,1],[3,11],[4,52],[0,117],[3,11],[4,52],[0,117],[3,11],[4,52],[0,117],[3,11],[4,52],[0,117],[3,11],[4,52],[0,117],[3,12],[4,51],[0,117],[3,12],[4,51],[0,118],[3,12],[4,50],[0,118],[3,13],[4,49],[0,118],[3,14],[4,48],[0,119],[3,15],[4,46],[0,119],[3,15],[4,46],[0,120],[3,13],[4,47],[0,121],[3,13],[4,46],[0,122],[3,12],[4,46],[0,122],[3,12],[4,46],[0,123],[3,11],[4,46],[0,125],[3,9],[4,46],[0,126],[3,8],[4,46],[0,127],[3,7],[4,46],[0,129],[3,5],[4,46],[0,132],[3,2],[4,46],[0,135],[4,45],[0,135],[4,45],[0,135],[4,45],[0,135],[4,45],[0,136],[4,44],[0,136],[4,44],[0,137],[4,43],[0,137],[4,43],[0,137],[4,43],[0,138],[4,42],[0,138],[4,42],[0,139],[4,41],[0,139],[4,41],[0,140],[4,40],[0,141],[4,39],[0,141],[4,39],[0,142],[4,38],[0,143],[4,37],[0,144],[4,36],[0,144],[4,36],[0,145],[4,35],[0,146],[4,34],[0,147],[4,33],[0,148],[4,32],[0,150],[4,30],[0,151],[4,29],[0,152],[4,28],[0,154],[4,26],[0,155],[4,25],[0,157],[4,23],[0,159],[4,21],[0,162],[4,18],[0,164],[4,16],[0,168],[4,12],[0,177],[4,1],[0,4682]]
,[[0,32400]]
,[[0,32400]]
,[[0,32400]]
,[[0,32400]]
],"explored":[[[false,32400]]
,[[false,32400]]
,[[false,32400]]
,[[false,32400]]
,[[false,32400]]
,[[false,32400]]
,[[false,32400]]
,[[false,32400]]
,[[false,32400]]
,[[false,32400]]
,[[false,32400]]
,[[false,32400]]
,[[false,32400]]
,[[false,32400]]
,[[false,32400]]
,[[false,32400]]
,[[false,32400]]
,[[false,32400]]
,[[false,32400]]
,[[false,32400]]
,[[false,32400]]
],"notes":[[],[],[],[],[],[],[],[],[],[],[[121,30,"smoker",false,0]
,[147,68,"mil truck",false,0]
,[168,91,"boom crane",false,0]
],[],[],[],[],[],[],[],[],[],[]],"extras":[[],[],[],[],[],[],[[147,53,"mx_science"]
,[147,57,"mx_portal"]
],[],[],[],[[130,45,"mx_grass2"]
,[131,45,"mx_grass"]
,[132,48,"mx_point_dead_vegetation"]
,[132,49,"mx_corpses"]
,[133,45,"mx_grass"]
,[134,45,"mx_grass2"]
,[134,48,"mx_grass2"]
,[134,49,"mx_nest_wasp"]
,[135,46,"mx_trees"]
,[135,49,"mx_grass"]
,[136,47,"mx_grass2"]
,[133,41,"mx_grass"]
,[133,40,"mx_trees2"]
,[138,43,"mx_pond"]
,[138,44,"mx_grass2"]
,[133,37,"mx_grass2"]
,[134,37,"mx_grass2"]
,[135,36,"mx_grass"]
,[136,36,"mx_knotweed_patch"]
,[138,36,"mx_grass2"]
,[139,40,"mx_grass2"]
,[140,39,"mx_casings"]
,[140,41,"mx_point_dead_vegetation"]
,[131,37,"mx_fallen_shed"]
,[130,37,"mx_trees2"]
,[129,35,"mx_nest_wasp"]
,[129,36,"mx_grass2"]
,[131,34,"mx_grass2"]
,[132,34,"mx_grass"]
,[128,35,"mx_point_dead_vegetation"]
,[128,36,"mx_grass2"]
,[128,37,"mx_grass"]
,[127,36,"mx_grass"]
,[125,39,"mx_grass"]
,[126,35,"mx_grass2"]
,[124,36,"mx_trees"]
,[123,34,"mx_grass2"]
,[126,34,"mx_grass"]
,[119,34,"mx_grass"]
,[123,30,"mx_grass"]
,[117,30,"mx_science"]
,[123,29,"mx_sand_patch"]
,[125,29,"mx_trees"]
,[122,27,"mx_grass2"]
,[123,27,"mx_grass2"]
,[123,26,"mx_grass"]
,[128,28,"mx_grass"]
,[129,27,"mx_crater"]
,[129,29,"mx_grass"]
,[129,32,"mx_grass2"]
,[128,33,"mx_grass2"]
,[130,29,"mx_grass"]
,[130,31,"mx_grass2"]
,[130,33,"mx_casings"]
,[132,30,"mx_point_dead_vegetation"]
,[133,32,"mx_trees2"]
,[135,34,"mx_point_burned_ground"]
,[136,35,"mx_trees"]
,[141,38,"mx_grass"]
,[139,44,"mx_crater"]
,[142,39,"mx_military"]
,[138,45,"mx_casings"]
,[143,42,"mx_grass"]
,[142,48,"mx_trees2"]
,[147,48,"mx_grove"]
,[146,43,"mx_point_burned_ground"]
,[151,48,"mx_reed"]
,[147,51,"mx_blackberry_patch"]
,[148,53,"mx_reed"]
,[149,53,"mx_reed"]
,[144,50,"mx_point_burned_ground"]
,[147,56,"mx_reed"]
,[143,54,"mx_point_dead_vegetation"]
,[148,59,"mx_reed"]
,[145,60,"mx_grass"]
,[148,60,"mx_reed"]
,[143,61,"mx_grass2"]
,[146,63,"mx_point_burned_ground"]
,[149,63,"mx_point_burned_ground"]
,[148,66,"mx_reed"]
,[148,67,"mx_reed"]
,[148,68,"mx_minefield"]
,[144,69,"mx_reed"]
,[145,69,"mx_reed"]
,[148,69,"mx_reed"]
,[150,70,"mx_reed"]
,[147,71,"mx_reed"]
,[148,71,"mx_reed"]
,[152,66,"mx_reed"]
,[152,71,"mx_grass"]
,[162,71,"mx_spider"]
,[161,78,"mx_point_dead_vegetation"]
,[153,80,"mx_pond_swamp"]
,[153,81,"mx_grass"]
,[152,78,"mx_knotweed_patch"]
,[152,81,"mx_trees2"]
,[158,82,"mx_clay_deposit"]
,[156,84,"mx_grass2"]
,[162,68,"mx_pond_swamp_2"]
,[164,71,"mx_knotweed_patch"]
,[165,72,"mx_point_dead_vegetation"]
,[165,76,"mx_grass2"]
,[167,71,"mx_grass2"]
,[168,74,"mx_grass"]
,[170,75,"mx_grass"]
,[165,78,"mx_grass"]
,[166,78,"mx_grass"]
,[169,78,"mx_grass2"]
,[171,76,"mx_grass2"]
,[172,75,"mx_trees"]
,[172,78,"mx_crater"]
,[173,77,"mx_grass"]
,[173,80,"mx_grass2"]
,[174,79,"mx_grass2"]
,[174,81,"mx_grass2"]
,[168,86,"mx_grass"]
,[171,87,"mx_grass2"]
,[168,88,"mx_fallen_shed"]
,[172,90,"mx_grass"]
,[168,91,"mx_roadworks"]
,[171,93,"mx_point_dead_vegetation"]
,[164,92,"mx_grass2"]
,[163,93,"mx_fallen_shed"]
,[165,94,"mx_trees2"]
,[170,97,"mx_shrubbery"]
,[169,100,"mx_Trapdoor_spider_den"]
,[169,102,"mx_grass"]
,[173,103,"mx_science"]
,[176,98,"mx_pond"]
,[174,104,"mx_grass"]
,[172,106,"mx_pond"]
,[178,104,"mx_trees"]
,[174,110,"mx_grass2"]
,[175,92,"mx_grass2"]
,[178,93,"mx_blackberry_patch"]
,[177,150,"mx_grass2"]
,[177,152,"mx_trees"]
,[177,155,"mx_point_dead_vegetation"]
,[176,155,"mx_grass2"]
,[175,153,"mx_grass"]
,[174,158,"mx_knotweed_patch"]
,[174,154,"mx_grass2"]
,[173,159,"mx_grass2"]
,[175,164,"mx_grass"]
,[169,168,"mx_grass2"]
,[170,168,"mx_casings"]
,[174,169,"mx_grass"]
,[177,168,"mx_grass2"]
,[178,167,"mx_grass"]
,[177,169,"mx_grass2"]
,[174,170,"mx_grass2"]
,[176,170,"mx_grass"]
,[167,169,"mx_blackberry_patch"]
,[170,155,"mx_military"]
,[179,72,"mx_grass2"]
,[178,70,"mx_grass2"]
,[177,66,"mx_grass"]
,[177,68,"mx_grass"]
,[176,67,"mx_grass2"]
,[178,63,"mx_trees"]
,[177,61,"mx_point_burned_ground"]
,[178,60,"mx_sand_patch"]
,[178,59,"mx_grass"]
,[179,58,"mx_grass"]
,[179,54,"mx_grass"]
,[177,52,"mx_grass2"]
,[178,52,"mx_grass"]
,[179,45,"mx_grass2"]
,[177,44,"mx_point_burned_ground"]
,[178,12,"mx_grass2"]
,[178,14,"mx_grass"]
,[177,11,"mx_grass"]
,[177,12,"mx_grass2"]
,[177,17,"mx_knotweed_patch"]
,[179,17,"mx_grass2"]
,[179,18,"mx_grass2"]
,[179,9,"mx_grass"]
,[178,6,"mx_casings"]
,[176,4,"mx_grass"]
,[175,4,"mx_grass2"]
,[175,0,"mx_grass2"]
,[174,0,"mx_grass2"]
,[170,11,"mx_point_burned_ground"]
,[164,8,"mx_pond_swamp_2"]
,[163,10,"mx_knotweed_patch"]
,[158,8,"mx_reed"]
,[156,10,"mx_reed"]
,[155,7,"mx_reed"]
,[155,10,"mx_reed"]
,[152,12,"mx_point_dead_vegetation"]
,[153,12,"mx_fallen_shed"]
,[155,14,"mx_reed"]
,[156,18,"mx_grass2"]
,[153,19,"mx_grass2"]
,[156,19,"mx_fallen_shed"]
,[158,15,"mx_reed"]
,[157,20,"mx_reed"]
,[152,20,"mx_grass"]
,[150,15,"mx_trees2"]
,[148,16,"mx_grass"]
,[147,12,"mx_grass"]
,[146,9,"mx_grass"]
,[144,12,"mx_grass2"]
,[144,10,"mx_grass2"]
,[145,7,"mx_point_burned_ground"]
,[146,7,"mx_grass"]
,[147,7,"mx_grass2"]
,[143,10,"mx_pond"]
,[143,12,"mx_grass"]
,[142,6,"mx_grass"]
,[141,9,"mx_point_burned_ground"]
,[140,9,"mx_grass"]
,[140,10,"mx_point_burned_ground"]
,[146,3,"mx_point_dead_vegetation"]
,[149,2,"mx_knotweed_patch"]
,[153,2,"mx_reed"]
,[150,1,"mx_trees2"]
,[156,4,"mx_reed"]
,[154,0,"mx_reed"]
,[150,0,"mx_grass"]
,[176,46,"mx_grass"]
,[176,48,"mx_trees"]
,[176,49,"mx_trees"]
,[175,50,"mx_grass"]
,[177,50,"mx_grass2"]
,[176,51,"mx_grass"]
,[176,52,"mx_grass"]
,[174,50,"mx_grass"]
,[175,54,"mx_point_burned_ground"]
,[173,53,"mx_grass2"]
,[173,56,"mx_grass"]
,[173,59,"mx_grass"]
,[174,59,"mx_grass2"]
,[174,62,"mx_grass2"]
,[174,63,"mx_trees"]
,[172,63,"mx_grass"]
,[171,63,"mx_grass2"]
,[171,64,"mx_grass"]
,[171,65,"mx_grass2"]
,[171,69,"mx_grass"]
,[173,70,"mx_grass2"]
,[175,70,"mx_point_burned_ground"]
,[170,70,"mx_grass"]
,[169,69,"mx_grass2"]
,[169,71,"mx_grass2"]
,[168,69,"mx_grass"]
,[168,70,"mx_grass"]
,[163,79,"mx_grass2"]
,[164,79,"mx_grass"]
,[179,36,"mx_grass"]
,[176,41,"mx_grass"]
,[173,45,"mx_grass2"]
,[171,48,"mx_grass"]
,[171,52,"mx_grass2"]
,[170,50,"mx_grass"]
,[169,56,"mx_point_burned_ground"]
,[171,58,"mx_grass2"]
,[172,61,"mx_grass2"]
,[167,66,"mx_fallen_shed"]
,[169,66,"mx_grass"]
,[165,69,"mx_collegekids"]
,[167,85,"mx_grass"]
,[165,82,"mx_grass"]
,[143,65,"mx_grass2"]
,[141,69,"mx_grass2"]
,[140,66,"mx_drugdeal"]
,[140,72,"mx_reed"]
,[141,74,"mx_reed"]
,[137,76,"mx_point_dead_vegetation"]
,[141,77,"mx_reed"]
,[138,80,"mx_grass"]
,[141,80,"mx_reed"]
,[139,81,"mx_grass"]
,[137,82,"mx_grass"]
,[142,83,"mx_reed"]
,[138,84,"mx_grass2"]
,[140,84,"mx_grass"]
,[137,85,"mx_casings"]
,[142,85,"mx_reed"]
,[141,89,"mx_reed"]
,[138,92,"mx_point_dead_vegetation"]
,[136,91,"mx_shrubbery"]
,[136,93,"mx_fallen_shed"]
,[140,96,"mx_reed"]
,[141,96,"mx_reed"]
,[143,103,"mx_reed"]
,[139,104,"mx_pond_swamp"]
,[140,105,"mx_pond"]
,[146,104,"mx_reed"]
,[143,108,"mx_grass"]
,[147,104,"mx_reed"]
,[143,111,"mx_grass"]
,[147,111,"mx_point_dead_vegetation"]
,[141,110,"mx_sand_patch"]
,[142,112,"mx_grass2"]
,[140,110,"mx_pond_swamp_2"]
,[142,113,"mx_grass"]
,[141,114,"mx_grass2"]
,[143,114,"mx_point_burned_ground"]
,[137,114,"mx_blackberry_patch"]
,[145,114,"mx_trees"]
,[146,113,"mx_grass"]
,[141,117,"mx_point_burned_ground"]
,[146,123,"mx_grass2"]
,[144,124,"mx_grass"]
,[143,125,"mx_grass"]
,[145,128,"mx_grass2"]
,[144,129,"mx_grass2"]
,[146,129,"mx_grass2"]
,[148,132,"mx_grass"]
,[144,133,"mx_grass2"]
,[145,133,"mx_grass"]
,[150,128,"mx_grass2"]
,[149,134,"mx_grass"]
,[147,138,"mx_sand_patch"]
,[152,135,"mx_pond_forest"]
,[150,140,"mx_point_burned_ground"]
,[145,141,"mx_shrubbery"]
,[153,142,"mx_reed"]
,[153,132,"mx_grass"]
,[151,143,"mx_pond"]
,[144,140,"mx_grass2"]
,[144,142,"mx_clearcut"]
,[146,149,"mx_toxic_waste"]
,[148,152,"mx_spider"]
,[139,150,"mx_pond_swamp_2"]
,[139,152,"mx_shrubbery"]
,[138,151,"mx_knotweed_patch"]
,[143,158,"mx_pond_swamp_2"]
,[141,161,"mx_knotweed_patch"]
,[137,158,"mx_grass"]
,[136,164,"mx_shrubbery"]
,[139,165,"mx_clearcut"]
,[139,167,"mx_casings"]
,[145,159,"mx_grass2"]
,[145,162,"mx_nest_wasp"]
,[146,159,"mx_spider"]
,[144,157,"mx_clay_deposit"]
,[147,158,"mx_reed"]
,[147,162,"mx_reed"]
,[147,163,"mx_reed"]
,[132,159,"mx_point_dead_vegetation"]
,[130,161,"mx_grass"]
,[129,160,"mx_grass2"]
,[129,161,"mx_grass"]
,[128,161,"mx_trees"]
,[127,162,"mx_clay_deposit"]
,[127,164,"mx_point_burned_ground"]
,[133,173,"mx_knotweed_patch"]
,[124,162,"mx_blackberry_patch"]
,[123,166,"mx_point_dead_vegetation"]
,[120,162,"mx_drugdeal"]
,[121,158,"mx_grass2"]
,[119,156,"mx_grass"]
,[117,154,"mx_point_burned_ground"]
,[116,154,"mx_grass2"]
,[115,154,"mx_grass2"]
,[110,154,"mx_casings"]
,[109,159,"mx_grass2"]
,[108,159,"mx_grass2"]
,[111,152,"mx_grass2"]
,[105,151,"mx_grass"]
,[107,151,"mx_point_burned_ground"]
,[109,151,"mx_knotweed_patch"]
,[106,149,"mx_grass"]
,[108,149,"mx_grass2"]
,[107,148,"mx_grass2"]
,[104,150,"mx_grass"]
,[103,148,"mx_grass2"]
,[114,150,"mx_grass"]
,[115,151,"mx_grass2"]
,[112,165,"mx_grass"]
,[111,165,"mx_casings"]
,[110,164,"mx_trees"]
,[110,166,"mx_point_dead_vegetation"]
,[113,173,"mx_point_dead_vegetation"]
,[114,174,"mx_trees2"]
,[113,175,"mx_grass"]
,[114,175,"mx_prison_bus"]
,[114,177,"mx_grass2"]
,[119,178,"mx_grass2"]
,[118,178,"mx_grass2"]
,[114,178,"mx_trees"]
,[112,175,"mx_grave"]
,[113,179,"mx_trees"]
,[114,179,"mx_grass2"]
,[116,179,"mx_grass"]
,[120,177,"mx_grass"]
,[120,179,"mx_grass"]
,[121,176,"mx_grass"]
,[121,178,"mx_grass"]
,[122,175,"mx_grass"]
,[123,178,"mx_grass"]
,[124,179,"mx_grass2"]
,[125,179,"mx_grass2"]
,[127,179,"mx_pond_forest"]
],[[171,166,"mx_portal"]
,[132,176,"mx_point_burned_ground"]
],[],[],[],[],[],[],[],[],[]]}