# version 36
{"visible":[[[0,32400]]
,[[0,32400]]
,[[0,32400]]
,[[0,32400]]
,[[0,32400]]
,[[0,32400]]
,[[0,8598],[4,17],[0,179],[4,1],[0,179],[4,1],[0,179],[4,1],[0,179],[4,1],[0,179],[4,2],[0,178],[4,2],[0,179],[4,1],[0,179],[4,2],[0,179],[4,2],[0,179],[4,1],[0,173],[4,7],[0,173],[4,1],[0,179],[4,2],[0,179],[4,1],[0,7],[4,4],[0,168],[4,1],[0,7],[4,1],[0,2],[4,1],[0,168],[4,1],[0,10],[4,1],[0,168],[4,1],[0,10],[4,1],[0,168],[4,2],[0,8],[4,2],[0,168],[4,2],[0,8],[4,1],[0,169],[4,6],[0,4],[4,1],[0,169],[4,1],[0,4],[4,3],[0,2],[4,1],[0,169],[4,1],[0,6],[4,4],[0,169],[4,1],[0,179],[4,1],[0,179],[4,1],[0,179],[4,1],[0,179],[4,1],[0,179],[4,1],[0,179],[4,1],[0,179],[4,1],[0,179],[4,1],[0,179],[4,1],[0,179],[4,1],[0,179],[4,1],[0,179],[4,1],[0,179],[4,1],[0,179],[4,1],[0,179],[4,1],[0,179],[4,1],[0,179],[4,1],[0,179],[4,1],[0,179],[4,1],[0,176],[4,7],[0,173],[4,1],[0,5],[4,3],[0,171],[4,1],[0,6],[4,2],[0,160],[4,11],[0,1],[4,1],[0,15509]]
,[[0,32400]]
,[[0,15802],[4,1],[0,16597]]
,[[0,15983],[4,1],[0,16416]]
,[[0,153],[3,1],[0,6],[3,8],[0,166],[3,2],[0,5],[3,5],[4,2],[0,168],[3,2],[0,4],[3,3],[4,3],[0,2],[4,1],[0,166],[3,3],[0,3],[4,9],[0,164],[3,7],[4,12],[0,162],[3,5],[4,14],[0,1],[4,3],[0,156],[3,5],[4,19],[0,156],[3,5],[4,19],[0,156],[3,5],[4,19],[0,156],[3,5],[4,19],[0,155],[3,6],[4,19],[0,153],[3,8],[4,19],[0,153],[3,8],[4,19],[0,152],[3,9],[4,19],[0,152],[3,9],[4,19],[0,152],[3,10],[4,18],[0,154],[3,9],[4,17],[0,154],[3,9],[4,17],[0,152],[3,12],[4,16],[0,153],[3,13],[4,14],[0,153],[3,14],[4,13],[0,154],[3,18],[4,8],[0,154],[2,1],[3,18],[4,7],[0,155],[3,18],[4,7],[0,156],[3,18],[4,6],[0,157],[3,18],[4,5],[0,158],[3,17],[4,5],[0,159],[2,1],[3,16],[4,4],[0,161],[3,17],[4,2],[0,163],[3,16],[4,1],[0,165],[3,7],[0,1],[3,7],[0,166],[2,1],[3,2],[0,2],[2,1],[0,2],[3,6],[0,167],[3,1],[0,6],[3,6],[0,174],[3,6],[0,174],[3,6],[0,173],[3,7],[0,172],[2,1],[3,7],[0,173],[3,7],[0,175],[3,5],[0,177],[3,3],[0,8783],[4,1],[0,11555],[4,1],[0,179],[4,1],[0,179],[4,1],[0,179],[4,1],[0,866],[4,1],[0,178],[4,3],[0,178],[4,1],[0,3093]]
,[[0,32400]]
,[[0,32400]]
,[[0,32400]]
,[[0,32400]]
,[[0,32400]]
,[[0,32400]]
,[[0,32400]]
,[[0,32400]]
,[[0,32400]]
,[[0,32400]]
],"explored":[[[false,32400]]
,[[false,32400]]
,[[false,32400]]
,[[false,32400]]
,[[false,32400]]
,[[false,32400]]
,[[false,32400]]
,[[false,32400]]
,[[false,32400]]
,[[false,32400]]
,[[false,32400]]
,[[false,32400]]
,[[false,32400]]
,[[false,32400]]
,[[false,32400]]
,[[false,32400]]
,[[false,32400]]
,[[false,32400]]
,[[false,32400]]
,[[false,32400]]
,[[false,32400]]
],"notes":[[],[],[],[],[],[],[],[],[],[],[],[],[],[],[],[],[],[],[],[],[]],"extras":[[],[],[],[],[],[],[],[],[],[],[[168,7,"mx_grass2"]
,[177,13,"mx_trees2"]
,[176,11,"mx_roadworks"]
,[173,13,"mx_point_burned_ground"]
,[172,13,"mx_grass"]
,[171,9,"mx_grass"]
,[170,8,"mx_grass"]
,[169,8,"mx_grass"]
],[],[],[],[],[],[],[],[],[],[]]}