# version 36
{"visible":[[[0,32400]]
,[[0,32400]]
,[[0,32400]]
,[[0,32400]]
,[[0,32400]]
,[[0,32400]]
,[[0,32400]]
,[[0,32400]]
,[[0,32400]]
,[[0,13712],[4,1],[0,179],[4,1],[0,179],[4,1],[0,6181],[4,2],[0,178],[4,2],[0,9021],[4,2],[0,178],[4,2],[0,2761]]
,[[4,61],[3,11],[0,108],[4,61],[3,11],[0,108],[4,61],[3,10],[0,109],[4,61],[3,9],[0,110],[4,61],[3,9],[0,110],[4,61],[3,10],[0,109],[4,59],[3,1],[4,1],[3,10],[0,109],[4,58],[0,2],[3,11],[0,109],[4,58],[0,4],[3,10],[0,108],[4,59],[0,4],[3,8],[0,109],[4,59],[0,8],[3,2],[0,111],[4,58],[3,1],[0,121],[4,57],[3,2],[0,121],[4,57],[3,3],[0,120],[4,57],[3,3],[0,120],[4,56],[3,4],[0,120],[4,56],[3,5],[0,119],[4,55],[3,7],[0,118],[4,55],[3,7],[0,118],[4,57],[3,6],[0,117],[4,53],[3,3],[4,2],[3,6],[0,116],[4,52],[3,5],[4,1],[3,6],[0,116],[4,52],[3,5],[4,1],[3,7],[0,115],[4,51],[3,6],[4,1],[3,7],[0,115],[4,51],[3,6],[4,3],[3,4],[0,116],[4,50],[3,13],[0,117],[4,49],[3,13],[0,118],[4,48],[3,14],[0,118],[4,47],[3,14],[0,119],[4,47],[3,14],[0,36],[4,3],[0,80],[4,47],[3,15],[0,34],[4,2],[0,1],[4,2],[0,79],[4,47],[3,15],[0,33],[4,2],[0,3],[4,2],[0,78],[4,50],[3,12],[0,39],[4,2],[0,77],[4,51],[3,12],[0,39],[4,1],[0,77],[4,51],[3,12],[0,39],[4,1],[0,77],[4,52],[3,11],[0,39],[4,1],[0,12],[4,2],[0,63],[4,52],[3,11],[0,39],[4,1],[0,11],[4,2],[0,64],[4,52],[3,11],[0,39],[4,1],[0,9],[4,3],[0,65],[4,52],[3,11],[0,39],[4,1],[0,1],[4,5],[0,3],[4,1],[0,67],[4,52],[3,11],[2,1],[0,38],[4,1],[0,5],[4,1],[0,3],[4,1],[0,67],[4,52],[3,11],[2,1],[0,38],[4,11],[0,67],[4,52],[3,11],[0,34],[4,6],[0,5],[4,1],[0,71],[4,52],[3,11],[0,18],[4,1],[0,9],[4,7],[0,10],[4,1],[0,2],[4,1],[0,68],[4,52],[3,11],[0,11],[4,2],[0,5],[4,1],[0,8],[4,2],[0,4],[4,1],[0,7],[4,11],[0,65],[4,52],[3,11],[0,12],[4,13],[0,1],[4,2],[0,13],[4,1],[0,3],[4,1],[0,2],[4,1],[0,2],[4,1],[0,65],[4,51],[3,12],[0,17],[4,1],[0,6],[4,3],[0,14],[4,1],[0,2],[4,2],[0,2],[4,1],[0,2],[4,1],[0,9],[4,1],[0,55],[4,28],[3,2],[4,21],[3,12],[0,17],[4,1],[0,23],[4,6],[0,1],[4,1],[0,12],[4,1],[0,55],[4,28],[3,6],[4,16],[3,12],[0,17],[4,2],[0,27],[4,1],[0,2],[4,1],[0,12],[4,1],[0,55],[4,28],[3,5],[4,16],[3,6],[4,3],[3,4],[0,17],[4,1],[0,28],[4,1],[0,2],[4,1],[0,12],[4,1],[0,55],[4,28],[3,6],[4,14],[3,7],[4,1],[3,1],[4,4],[3,1],[0,17],[4,1],[0,31],[4,1],[0,12],[4,1],[0,55],[4,28],[3,8],[4,20],[3,1],[4,4],[0,15],[4,4],[0,31],[4,1],[0,12],[4,1],[0,55],[4,28],[3,16],[4,1],[3,12],[4,4],[0,6],[4,10],[0,2],[4,2],[0,30],[4,1],[0,11],[4,2],[0,55],[4,28],[3,13],[4,4],[3,12],[4,1],[3,2],[0,2],[4,6],[0,4],[4,1],[0,7],[4,3],[0,28],[4,2],[0,10],[4,1],[0,56],[4,28],[3,13],[4,1],[3,11],[4,10],[0,9],[4,1],[0,9],[4,2],[0,28],[4,1],[0,7],[4,4],[0,56],[4,28],[3,2],[4,2],[3,9],[4,1],[3,15],[4,3],[0,12],[4,1],[0,10],[4,1],[0,28],[4,1],[0,7],[4,1],[0,59],[4,27],[3,3],[4,1],[3,10],[4,1],[3,15],[4,1],[0,1],[4,4],[0,9],[4,2],[0,9],[4,1],[0,28],[4,1],[0,7],[4,1],[0,3],[4,3],[0,53],[4,27],[3,3],[4,1],[3,10],[4,1],[3,15],[4,1],[0,4],[4,4],[0,7],[4,1],[0,38],[4,1],[0,3],[4,9],[0,1],[4,2],[0,52],[4,27],[3,3],[4,1],[3,1],[4,1],[3,8],[4,1],[3,13],[0,2],[4,6],[0,2],[4,2],[0,6],[4,1],[0,38],[4,1],[0,3],[4,1],[0,3],[4,1],[0,59],[4,26],[3,4],[4,4],[3,7],[4,2],[3,11],[0,3],[4,1],[0,8],[4,1],[0,4],[4,3],[0,34],[4,1],[0,1],[4,1],[0,1],[4,1],[0,3],[4,1],[0,3],[4,1],[0,59],[4,26],[3,6],[4,1],[3,9],[4,1],[3,8],[0,6],[4,1],[0,8],[4,4],[0,38],[4,1],[0,1],[4,13],[0,57],[4,25],[3,7],[4,1],[3,8],[4,2],[3,8],[0,6],[4,1],[0,11],[4,2],[0,37],[4,1],[0,3],[4,1],[0,3],[4,1],[0,3],[4,1],[0,59],[4,26],[3,4],[4,6],[3,3],[4,3],[3,7],[0,7],[4,2],[0,12],[4,1],[0,1],[4,6],[0,30],[4,1],[0,3],[4,1],[0,3],[4,6],[0,58],[4,27],[3,5],[4,1],[3,2],[4,1],[3,3],[4,1],[3,4],[4,1],[3,3],[0,22],[4,3],[0,4],[4,6],[0,20],[4,19],[0,58],[4,28],[3,4],[4,1],[3,2],[4,1],[3,3],[4,1],[3,4],[4,1],[3,3],[0,29],[4,1],[0,4],[4,6],[0,20],[4,1],[0,3],[4,1],[0,3],[4,6],[0,58],[4,28],[3,4],[4,1],[3,2],[4,1],[3,3],[4,2],[3,3],[4,1],[3,2],[0,30],[4,1],[0,9],[4,11],[0,6],[4,1],[0,3],[4,1],[0,3],[4,1],[0,1],[4,1],[0,1],[4,6],[0,58],[4,29],[3,1],[4,15],[3,2],[0,30],[4,1],[0,9],[4,1],[0,9],[4,25],[0,58],[4,30],[3,5],[4,1],[3,5],[4,1],[3,2],[4,1],[3,2],[0,2],[4,1],[0,27],[4,1],[0,9],[4,1],[0,16],[4,2],[0,2],[4,1],[0,3],[4,2],[0,2],[4,1],[0,63],[4,30],[3,5],[4,1],[3,3],[4,2],[3,2],[4,2],[3,1],[0,2],[4,2],[0,27],[4,1],[0,9],[4,1],[0,20],[4,1],[0,3],[4,1],[0,67],[4,30],[3,1],[4,21],[0,25],[4,1],[0,9],[4,1],[0,14],[4,16],[0,62],[4,30],[3,1],[4,1],[3,3],[4,1],[3,3],[4,1],[3,2],[4,1],[3,1],[4,1],[0,1],[4,2],[0,1],[4,1],[0,27],[4,1],[0,9],[4,1],[0,20],[4,1],[0,4],[4,1],[0,1],[4,1],[0,1],[4,1],[0,62],[4,32],[3,3],[4,1],[3,1],[4,3],[3,3],[4,2],[0,1],[4,1],[0,1],[4,2],[0,2],[4,1],[0,24],[4,1],[0,9],[4,1],[0,20],[4,1],[0,4],[4,1],[0,3],[4,2],[0,61],[4,54],[0,23],[4,1],[0,8],[4,2],[0,14],[4,15],[0,1],[4,3],[0,59],[4,34],[3,1],[4,1],[3,3],[4,1],[3,3],[4,2],[0,1],[4,1],[0,2],[4,1],[0,5],[4,1],[0,20],[4,2],[0,30],[4,2],[0,3],[4,1],[0,6],[4,2],[0,58],[4,34],[3,1],[4,1],[3,3],[4,1],[3,3],[0,1],[4,1],[0,4],[4,2],[0,4],[4,1],[0,20],[4,1],[0,31],[4,1],[0,4],[4,1],[0,7],[4,1],[0,58],[4,57],[0,18],[4,2],[0,31],[4,8],[0,5],[4,2],[0,57],[4,43],[0,1],[4,1],[0,4],[4,1],[0,5],[4,1],[0,16],[4,4],[0,37],[4,1],[0,8],[4,1],[0,57],[4,41],[0,1],[3,1],[0,1],[4,1],[0,4],[4,1],[0,5],[4,1],[0,15],[4,2],[0,40],[4,1],[0,8],[4,1],[0,57],[4,58],[0,12],[4,2],[0,41],[4,1],[0,1],[4,1],[0,5],[4,2],[0,57],[4,38],[3,1],[4,1],[3,1],[0,3],[4,1],[0,3],[4,2],[0,5],[4,1],[0,57],[4,3],[0,5],[4,1],[0,58],[4,42],[0,2],[4,1],[0,4],[4,1],[0,3],[4,1],[0,1],[4,1],[0,65],[4,1],[0,58],[4,48],[0,1],[4,1],[0,3],[4,1],[0,67],[4,1],[0,58],[4,41],[0,3],[4,1],[0,4],[4,1],[0,3],[4,1],[0,67],[4,1],[0,58],[4,42],[0,2],[4,11],[0,66],[4,1],[0,58],[4,42],[0,2],[4,1],[0,2],[4,1],[0,2],[4,1],[0,2],[4,1],[0,67],[4,1],[0,58],[4,42],[0,2],[4,1],[0,2],[4,1],[0,2],[4,1],[0,2],[4,1],[0,3],[4,1],[0,63],[4,1],[0,58],[4,42],[0,2],[4,1],[0,2],[4,1],[0,2],[4,1],[0,2],[4,9],[0,59],[4,1],[0,58],[4,42],[0,2],[4,1],[0,2],[4,1],[0,2],[4,1],[0,2],[4,1],[0,3],[4,1],[0,63],[4,1],[0,58],[4,40],[0,1],[4,2],[0,1],[4,2],[0,1],[4,1],[0,2],[4,1],[0,2],[4,1],[0,3],[4,1],[0,63],[4,1],[0,58],[4,58],[0,63],[4,1],[0,58],[4,43],[3,1],[4,1],[3,1],[0,1],[4,1],[0,2],[4,1],[0,2],[4,1],[0,67],[4,1],[0,58],[4,45],[0,1],[3,1],[4,1],[0,2],[4,1],[0,2],[4,1],[0,67],[4,1],[0,3],[4,3],[0,52],[4,46],[0,1],[4,1],[0,2],[4,1],[0,2],[4,1],[0,67],[4,1],[0,2],[4,2],[0,54],[4,45],[3,1],[0,1],[4,1],[0,2],[4,1],[0,2],[4,1],[0,67],[4,1],[0,2],[4,1],[0,55],[4,46],[0,1],[4,11],[0,63],[4,1],[0,1],[4,2],[0,55],[4,46],[0,1],[4,1],[0,2],[4,1],[0,2],[4,1],[0,67],[4,3],[0,56],[4,46],[3,1],[4,1],[0,2],[4,1],[0,2],[4,1],[0,67],[4,1],[0,58],[4,46],[0,1],[4,1],[0,2],[4,1],[0,2],[4,1],[0,67],[4,1],[0,58],[4,46],[0,1],[4,1],[0,1],[4,2],[0,2],[4,1],[0,67],[4,1],[0,58],[4,46],[0,1],[4,1],[0,3],[4,3],[0,20],[4,2],[0,45],[4,1],[0,58],[4,48],[0,5],[4,1],[0,14],[4,2],[0,3],[4,2],[0,46],[4,1],[0,58],[4,46],[0,7],[4,1],[0,7],[4,10],[0,2],[4,1],[0,47],[4,1],[0,58],[4,46],[0,7],[4,1],[0,7],[4,1],[0,8],[4,4],[0,47],[4,1],[0,58],[4,46],[0,7],[4,1],[0,7],[4,1],[0,11],[4,4],[0,44],[4,1],[0,58],[4,47],[0,6],[4,1],[0,7],[4,1],[0,14],[4,2],[0,43],[4,1],[0,58],[4,47],[0,6],[4,1],[0,7],[4,1],[0,15],[4,1],[0,43],[4,1],[0,58],[4,47],[0,6],[4,1],[0,7],[4,1],[0,15],[4,2],[0,42],[4,1],[0,58],[4,47],[0,6],[4,1],[0,6],[4,2],[0,16],[4,1],[0,42],[4,1],[0,58],[4,47],[0,6],[4,4],[0,3],[4,1],[0,17],[4,2],[0,41],[4,1],[0,58],[4,47],[0,5],[4,2],[0,6],[4,1],[0,18],[4,1],[0,41],[4,1],[0,58],[4,47],[0,5],[4,1],[0,7],[4,1],[0,18],[4,2],[0,40],[4,1],[0,58],[4,47],[0,4],[4,2],[0,6],[4,2],[0,19],[4,1],[0,4],[4,1],[0,11],[4,1],[0,23],[4,1],[0,58],[4,48],[0,3],[4,1],[0,5],[4,3],[0,20],[4,1],[0,4],[4,1],[0,5],[4,1],[0,5],[4,1],[0,23],[4,1],[0,58],[4,52],[0,4],[4,2],[0,22],[4,1],[0,4],[4,1],[0,5],[4,1],[0,2],[4,2],[0,1],[4,1],[0,5],[4,1],[0,5],[4,5],[0,7],[4,1],[0,4],[4,1],[0,53],[4,48],[0,8],[4,1],[0,23],[4,1],[0,4],[4,1],[0,1],[4,1],[0,3],[4,1],[0,2],[4,2],[0,1],[4,1],[0,5],[4,1],[0,5],[4,1],[0,3],[4,1],[0,7],[4,1],[0,4],[4,2],[0,52],[4,48],[0,8],[4,1],[0,20],[4,40],[0,4],[4,1],[0,4],[4,1],[0,53],[4,48],[0,8],[4,1],[0,23],[4,1],[0,4],[4,1],[0,5],[4,1],[0,2],[4,2],[0,1],[4,1],[0,5],[4,1],[0,5],[4,1],[0,3],[4,1],[0,7],[4,1],[0,4],[4,1],[0,53],[4,48],[0,8],[4,3],[0,21],[4,1],[0,4],[4,1],[0,5],[4,1],[0,2],[4,4],[0,5],[4,1],[0,5],[4,1],[0,3],[4,1],[0,3],[4,5],[0,1],[4,5],[0,52],[4,48],[0,10],[4,3],[0,17],[4,14],[0,1],[4,23],[0,5],[4,1],[0,4],[4,1],[0,53],[4,48],[0,12],[4,5],[0,15],[4,1],[0,4],[4,1],[0,5],[4,1],[0,4],[4,2],[0,5],[4,1],[0,5],[4,1],[0,11],[4,1],[0,4],[4,1],[0,53],[4,48],[0,16],[4,2],[0,14],[4,1],[0,4],[4,1],[0,5],[4,1],[0,1],[4,2],[0,1],[4,2],[0,5],[4,1],[0,5],[4,1],[0,7],[4,10],[0,53],[4,48],[0,17],[4,1],[0,11],[4,15],[0,1],[4,21],[0,7],[4,1],[0,4],[4,1],[0,53],[4,47],[0,17],[4,2],[0,19],[4,1],[0,4],[4,2],[0,5],[4,1],[0,5],[4,1],[0,5],[4,1],[0,11],[4,1],[0,3],[4,3],[0,52],[4,47],[0,17],[4,1],[0,20],[4,1],[0,1],[4,2],[0,2],[4,1],[0,5],[4,1],[0,5],[4,1],[0,5],[4,1],[0,6],[4,12],[0,52],[4,45],[0,19],[4,1],[0,19],[4,28],[0,9],[4,1],[0,58],[4,44],[0,20],[4,2],[0,24],[4,2],[0,1],[4,1],[0,3],[4,1],[0,5],[4,1],[0,5],[4,1],[0,8],[4,1],[0,2],[4,1],[0,58],[4,42],[0,23],[4,1],[0,25],[4,1],[0,5],[4,1],[0,5],[4,1],[0,5],[4,1],[0,4],[4,14],[0,52],[4,42],[0,23],[4,1],[0,31],[4,5],[0,1],[4,12],[0,6],[4,1],[0,58],[4,41],[0,24],[4,3],[0,29],[4,2],[0,4],[4,1],[0,5],[4,1],[0,4],[4,1],[0,1],[4,1],[0,4],[4,1],[0,58],[4,41],[0,25],[4,3],[0,27],[4,2],[0,5],[4,2],[0,4],[4,1],[0,6],[4,1],[0,4],[4,1],[0,58],[4,40],[0,6],[4,4],[0,1],[4,1],[0,44],[4,21],[0,3],[4,2],[0,58],[4,39],[0,7],[4,7],[0,44],[4,1],[0,1],[4,1],[0,3],[4,1],[0,5],[4,1],[0,70],[4,38],[0,6],[4,14],[0,39],[4,1],[0,5],[4,1],[0,2],[4,1],[0,2],[4,1],[0,5],[4,1],[0,64],[4,37],[0,2],[4,9],[0,2],[4,9],[0,39],[4,7],[0,1],[4,1],[0,2],[4,10],[0,61],[4,48],[0,3],[4,8],[0,44],[4,1],[0,2],[4,1],[0,2],[4,1],[0,5],[4,1],[0,64],[4,45],[0,10],[4,5],[0,43],[4,1],[0,2],[4,1],[0,2],[4,1],[0,5],[4,1],[0,64],[4,39],[0,16],[4,7],[0,41],[4,1],[0,2],[4,1],[0,2],[4,12],[0,59],[4,34],[3,2],[0,19],[4,5],[0,1],[4,2],[0,40],[4,7],[0,5],[4,1],[0,4],[4,1],[0,59],[4,34],[3,2],[0,19],[4,4],[0,3],[4,1],[0,40],[4,1],[0,2],[4,1],[0,8],[4,1],[0,4],[4,1],[0,59],[4,33],[3,3],[2,1],[0,18],[4,4],[0,3],[4,2],[0,42],[4,1],[0,3],[4,9],[0,1],[4,7],[0,53],[4,32],[3,4],[2,1],[0,15],[4,5],[0,6],[4,1],[0,42],[4,1],[0,2],[4,1],[0,5],[4,1],[0,10],[4,2],[0,52],[4,29],[3,1],[4,2],[3,4],[0,16],[4,4],[0,7],[4,2],[0,41],[4,1],[0,2],[4,1],[0,1],[4,1],[0,3],[4,1],[0,11],[4,1],[0,52],[4,29],[3,1],[4,2],[3,4],[0,16],[4,4],[0,8],[4,1],[0,41],[4,1],[0,2],[4,1],[0,1],[4,1],[0,15],[4,1],[0,52],[4,33],[3,3],[0,16],[4,4],[0,8],[4,1],[0,41],[4,6],[0,15],[4,1],[0,52],[4,25],[3,2],[4,6],[3,3],[0,17],[4,2],[0,9],[4,1],[0,41],[4,1],[0,2],[4,1],[0,70],[4,24],[3,5],[4,6],[3,1],[0,28],[4,1],[0,41],[4,1],[0,2],[4,1],[0,70],[4,23],[3,6],[4,6],[3,1],[0,28],[4,3],[0,32],[4,8],[0,2],[4,1],[0,70],[4,21],[3,8],[4,3],[3,1],[4,2],[0,25],[4,7],[0,32],[4,1],[0,8],[4,3],[0,69],[4,20],[3,10],[4,5],[0,23],[4,3],[0,5],[4,1],[0,32],[4,2],[0,6],[4,2],[0,1],[4,1],[0,69],[4,21],[0,2],[3,1],[0,3],[3,3],[4,4],[3,1],[0,23],[4,1],[0,7],[4,1],[0,33],[4,1],[0,6],[4,1],[0,2],[4,1],[0,69],[4,18],[0,10],[3,1],[0,1],[4,6],[0,21],[4,2],[0,7],[4,2],[0,32],[4,1],[0,6],[4,7],[0,66],[4,15],[3,3],[0,14],[4,4],[0,21],[4,1],[0,9],[4,1],[0,31],[4,2],[0,7],[4,1],[0,1],[4,1],[0,2],[4,1],[0,66],[4,14],[0,18],[4,4],[0,20],[4,2],[0,9],[4,1],[0,29],[4,3],[0,8],[4,1],[0,1],[4,1],[0,1],[4,2],[0,66],[4,14],[0,19],[4,3],[0,20],[4,1],[0,10],[4,1],[0,6],[4,4],[0,18],[4,2],[0,10],[4,2],[0,2],[4,1],[0,67],[4,12],[3,1],[0,20],[4,3],[0,19],[4,2],[0,10],[4,1],[0,5],[4,2],[0,2],[4,3],[0,14],[4,3],[0,12],[4,2],[0,1],[4,1],[0,67],[4,12],[3,1],[0,21],[4,1],[0,17],[4,4],[0,11],[4,4],[0,2],[4,1],[0,5],[4,2],[0,13],[4,1],[0,15],[4,4],[0,66],[4,12],[3,2],[0,35],[4,4],[0,17],[4,4],[0,6],[4,1],[0,13],[4,1],[0,15],[4,1],[0,2],[4,4],[0,63],[4,12],[3,2],[0,32],[4,4],[0,20],[4,1],[0,6],[4,1],[0,2],[4,1],[0,13],[4,1],[0,15],[4,1],[0,5],[4,1],[0,63],[4,11],[3,3],[0,32],[4,1],[0,23],[4,1],[0,6],[4,7],[0,7],[4,4],[0,15],[4,1],[0,5],[4,1],[0,63],[4,12],[3,2],[0,29],[4,4],[0,23],[4,1],[0,12],[4,1],[0,6],[4,2],[0,18],[4,1],[0,5],[4,1],[0,63],[4,11],[3,2],[0,29],[4,2],[0,26],[4,6],[0,14],[4,1],[0,11],[4,1],[0,7],[4,2],[0,4],[4,1],[0,63],[4,10],[3,3],[0,29],[4,1],[0,32],[4,1],[0,14],[4,1],[0,11],[4,3],[0,6],[4,1],[0,4],[4,1],[0,63],[4,11],[0,30],[4,2],[0,32],[4,1],[0,14],[4,1],[0,13],[4,2],[0,5],[4,1],[0,4],[4,1],[0,63],[4,11],[0,27],[4,4],[0,33],[4,1],[0,14],[4,1],[0,14],[4,1],[0,2],[4,2],[0,1],[4,1],[0,2],[4,14],[0,52],[4,10],[3,1],[0,25],[4,3],[0,36],[4,2],[0,2],[4,10],[0,1],[4,1],[0,11],[4,4],[0,2],[4,1],[0,2],[4,1],[0,4],[4,3],[0,61],[4,10],[3,2],[0,24],[4,1],[0,39],[4,1],[0,3],[4,1],[0,7],[4,3],[0,11],[4,1],[0,2],[4,7],[0,4],[4,3],[0,61],[4,9],[3,3],[0,63],[4,3],[0,1],[4,2],[0,21],[4,1],[0,77],[4,8],[3,4],[0,63],[4,1],[0,1],[4,3],[0,3],[4,2],[0,17],[4,1],[0,77],[4,7],[3,5],[0,61],[4,3],[0,3],[4,1],[0,3],[4,1],[0,18],[4,1],[0,77],[4,5],[3,11],[0,51],[4,7],[0,5],[4,5],[0,18],[4,1],[0,77],[4,5],[3,12],[0,50],[4,1],[0,2],[4,1],[0,31],[4,1],[0,77],[4,4],[3,13],[0,53],[4,1],[0,109],[4,3],[3,13],[0,54],[4,1],[0,109],[4,2],[3,14],[0,53],[4,2],[0,5],[4,2],[0,102],[3,7],[0,1],[3,8],[0,53],[4,1],[0,7],[4,4],[0,4],[4,3],[0,92],[3,7],[0,1],[3,8],[0,53],[4,1],[0,10],[4,1],[0,4],[4,1],[0,1],[4,7],[0,86],[3,7],[0,2],[3,5],[0,55],[4,1],[0,8],[4,8],[0,94],[3,7],[0,3],[3,3],[0,56],[4,2],[0,6],[4,2],[0,1],[4,1],[0,99],[3,7],[0,4],[3,1],[0,58],[4,2],[0,1],[4,5],[0,2],[4,1],[0,99],[3,8],[0,63],[4,3],[0,106],[3,8],[0,172]]
,[[3,12],[4,17],[3,30],[0,121],[3,10],[4,21],[3,28],[0,121],[3,9],[4,23],[3,26],[0,122],[3,8],[4,25],[3,24],[0,123],[3,8],[4,25],[3,23],[0,124],[3,7],[4,27],[3,22],[0,124],[3,7],[4,27],[3,21],[0,125],[3,6],[4,29],[3,19],[0,126],[3,6],[4,29],[3,17],[0,128],[3,6],[4,29],[3,16],[0,129],[3,6],[4,29],[3,15],[0,130],[3,6],[4,29],[3,15],[0,130],[3,6],[4,29],[3,16],[0,129],[3,6],[4,29],[3,17],[0,128],[3,6],[4,29],[3,18],[0,127],[3,6],[4,29],[3,19],[0,126],[3,7],[4,27],[3,21],[0,125],[3,7],[4,27],[3,22],[0,124],[3,8],[4,25],[3,23],[0,124],[3,8],[4,25],[3,24],[0,123],[3,9],[4,30],[3,19],[0,122],[3,10],[4,31],[3,17],[0,122],[3,12],[4,31],[3,15],[2,1],[0,121],[3,14],[4,30],[3,15],[0,121],[3,24],[4,21],[3,14],[0,121],[3,24],[4,21],[3,15],[0,120],[3,23],[4,23],[3,14],[0,120],[4,13],[3,10],[4,23],[3,14],[0,120],[4,16],[3,6],[4,25],[3,13],[0,120],[4,18],[3,4],[4,25],[3,13],[0,120],[4,19],[3,3],[4,25],[3,13],[0,120],[4,20],[3,2],[4,25],[3,13],[0,120],[4,47],[3,13],[2,1],[0,119],[4,47],[3,13],[2,1],[0,119],[4,47],[3,13],[2,1],[0,119],[4,47],[3,13],[0,120],[4,47],[3,13],[0,120],[4,47],[3,13],[0,120],[4,47],[3,13],[0,120],[4,46],[3,14],[0,120],[4,46],[3,14],[0,120],[4,45],[3,15],[0,120],[4,45],[3,14],[0,121],[4,44],[3,15],[0,121],[4,43],[3,15],[2,1],[0,121],[4,41],[3,17],[0,49],[4,1],[0,72],[4,28],[3,2],[4,9],[3,19],[0,122],[4,28],[3,29],[0,123],[4,28],[3,28],[0,124],[4,28],[3,28],[0,3],[4,2],[0,119],[4,28],[3,18],[4,3],[3,6],[0,4],[4,2],[0,119],[4,28],[3,26],[0,5],[4,2],[0,119],[4,28],[3,25],[0,127],[4,28],[3,24],[0,128],[4,28],[3,23],[0,7],[4,1],[0,121],[4,27],[3,23],[0,130],[4,27],[3,23],[0,130],[4,27],[3,23],[0,130],[4,26],[3,7],[4,1],[3,15],[0,61],[4,1],[0,69],[4,26],[3,23],[0,131],[4,25],[3,24],[0,131],[4,24],[3,25],[0,131],[4,23],[3,25],[0,69],[4,3],[0,60],[4,23],[3,25],[0,69],[4,3],[0,60],[4,22],[3,25],[0,67],[4,1],[0,2],[4,3],[0,60],[4,20],[3,27],[0,133],[4,19],[3,28],[0,58],[4,1],[0,7],[4,1],[0,66],[4,18],[3,28],[0,2],[4,1],[0,131],[4,16],[3,30],[0,134],[4,16],[3,26],[4,1],[3,2],[0,1],[4,1],[0,68],[4,1],[0,64],[4,19],[3,24],[4,1],[3,1],[0,1],[4,1],[0,1],[4,1],[0,3],[4,1],[0,127],[4,21],[3,23],[0,136],[4,22],[3,11],[4,1],[3,9],[4,1],[0,2],[4,1],[0,62],[4,1],[0,70],[4,24],[3,19],[0,7],[4,1],[0,129],[4,25],[3,17],[0,138],[4,26],[3,15],[0,1],[4,1],[0,137],[4,27],[3,5],[4,2],[3,6],[0,140],[4,28],[3,4],[4,2],[3,6],[0,140],[4,29],[3,3],[4,2],[3,5],[0,9],[4,1],[0,131],[4,30],[3,8],[0,142],[4,31],[3,6],[0,143],[4,31],[3,5],[0,144],[4,32],[3,2],[0,146],[4,33],[0,147],[4,34],[0,146],[4,34],[0,146],[4,35],[0,145],[4,36],[0,9],[4,1],[0,134],[4,36],[0,144],[4,37],[0,143],[4,37],[0,143],[4,38],[0,142],[4,38],[0,142],[4,38],[0,142],[4,39],[0,141],[4,39],[0,141],[4,40],[0,140],[4,40],[0,140],[4,40],[0,140],[4,40],[0,140],[4,41],[0,21],[4,7],[0,111],[4,41],[0,139],[4,41],[0,139],[4,41],[0,139],[4,41],[0,139],[4,41],[0,139],[4,41],[0,139],[4,41],[0,139],[4,41],[0,139],[4,42],[0,138],[4,41],[0,139],[4,41],[0,139],[4,41],[0,53],[4,2],[0,84],[4,41],[0,53],[4,2],[0,84],[4,41],[0,54],[4,1],[0,84],[4,41],[0,53],[4,2],[0,84],[4,41],[0,53],[4,3],[0,83],[4,41],[0,139],[4,41],[0,55],[4,1],[0,83],[4,40],[0,53],[4,2],[0,1],[4,1],[0,83],[4,40],[0,140],[4,40],[0,50],[4,1],[0,34],[4,1],[0,1],[4,1],[0,52],[4,40],[0,47],[4,1],[0,92],[4,39],[0,141],[4,39],[0,51],[4,1],[0,27],[4,1],[0,61],[4,38],[0,142],[4,38],[0,142],[4,38],[0,142],[4,37],[0,59],[4,1],[0,83],[4,37],[0,143],[4,36],[0,63],[4,1],[0,80],[4,36],[0,144],[4,35],[0,145],[4,34],[0,146],[4,34],[0,146],[4,33],[0,147],[4,32],[0,148],[4,31],[0,149],[4,31],[0,149],[4,30],[0,150],[4,29],[0,151],[4,28],[0,152],[4,27],[0,153],[4,25],[0,155],[4,24],[0,156],[4,23],[0,157],[4,21],[0,159],[4,20],[0,160],[4,18],[0,162],[4,16],[0,164],[4,13],[0,167],[4,11],[0,169],[4,7],[0,2052],[4,1],[0,3],[4,4],[0,30],[4,2],[0,178],[4,2],[0,325],[4,1],[0,1443],[4,6],[0,986]]
,[[0,2],[3,57],[0,123],[3,57],[0,124],[3,55],[0,126],[3,53],[0,128],[3,51],[0,124],[3,56],[0,124],[3,55],[0,125],[3,54],[0,126],[3,52],[0,128],[3,51],[0,129],[3,50],[0,130],[3,48],[0,132],[3,46],[2,1],[0,133],[3,44],[0,136],[3,42],[0,138],[3,39],[0,141],[3,37],[0,143],[3,38],[0,142],[3,39],[0,141],[3,40],[0,140],[3,40],[0,140],[3,41],[0,139],[3,42],[0,138],[3,43],[0,137],[3,43],[0,137],[3,44],[0,136],[3,45],[0,135],[4,13],[3,32],[0,135],[4,16],[3,30],[0,134],[4,18],[3,28],[0,134],[4,19],[3,28],[0,133],[4,20],[3,27],[0,133],[4,22],[3,25],[0,133],[4,23],[3,25],[0,132],[4,23],[3,25],[0,132],[4,24],[3,25],[0,131],[4,25],[3,24],[0,131],[4,26],[3,23],[0,131],[4,26],[3,23],[0,131],[4,27],[3,23],[0,130],[4,27],[3,23],[0,130],[4,27],[3,23],[0,130],[4,28],[3,22],[0,130],[4,28],[3,22],[0,130],[4,28],[3,22],[0,130],[4,28],[3,22],[0,130],[4,28],[3,22],[0,130],[4,28],[3,22],[0,130],[4,28],[3,22],[2,1],[0,129],[4,28],[3,22],[0,130],[4,28],[3,22],[0,130],[4,28],[3,22],[0,130],[4,28],[3,22],[0,130],[4,28],[3,22],[0,130],[4,28],[3,22],[0,130],[4,27],[3,23],[0,130],[4,27],[3,23],[0,130],[4,27],[3,23],[0,130],[4,26],[3,23],[0,131],[4,26],[3,23],[0,131],[4,25],[3,24],[0,131],[4,24],[3,25],[0,131],[4,23],[3,25],[0,69],[4,3],[0,60],[4,23],[3,25],[0,69],[4,3],[0,60],[4,22],[3,25],[0,70],[4,3],[0,60],[4,20],[3,27],[0,133],[4,19],[3,28],[0,58],[4,1],[0,74],[4,18],[3,28],[0,134],[4,16],[3,30],[0,134],[4,16],[3,29],[0,135],[4,18],[3,25],[4,1],[3,1],[0,1],[4,1],[0,5],[4,1],[0,127],[4,20],[3,24],[0,136],[4,21],[3,22],[4,1],[0,136],[4,23],[3,20],[0,137],[4,24],[3,18],[0,138],[4,25],[3,16],[0,139],[4,27],[3,5],[4,2],[3,6],[0,140],[4,28],[3,4],[4,2],[3,6],[0,140],[4,29],[3,3],[4,2],[3,5],[0,141],[4,30],[3,8],[0,142],[4,31],[3,6],[0,143],[4,31],[3,5],[0,144],[4,32],[3,2],[0,146],[4,33],[0,147],[4,34],[0,146],[4,34],[0,146],[4,35],[0,145],[4,36],[0,9],[4,1],[0,134],[4,36],[0,144],[4,37],[0,143],[4,37],[0,143],[4,38],[0,142],[4,38],[0,142],[4,38],[0,142],[4,39],[0,141],[4,39],[0,141],[4,40],[0,140],[4,40],[0,140],[4,40],[0,140],[4,40],[0,140],[4,41],[0,139],[4,41],[0,139],[4,41],[0,139],[4,41],[0,139],[4,41],[0,139],[4,41],[0,139],[4,41],[0,139],[4,41],[0,139],[4,41],[0,139],[4,42],[0,138],[4,41],[0,139],[4,41],[0,139],[4,41],[0,53],[4,2],[0,84],[4,41],[0,53],[4,2],[0,84],[4,41],[0,54],[4,1],[0,84],[4,41],[0,53],[4,2],[0,84],[4,41],[0,53],[4,2],[0,84],[4,41],[0,139],[4,41],[0,139],[4,40],[0,140],[4,40],[0,140],[4,40],[0,140],[4,40],[0,140],[4,39],[0,141],[4,39],[0,141],[4,38],[0,142],[4,38],[0,142],[4,38],[0,142],[4,37],[0,143],[4,37],[0,143],[4,36],[0,144],[4,36],[0,144],[4,35],[0,145],[4,34],[0,146],[4,34],[0,146],[4,33],[0,147],[4,32],[0,148],[4,31],[0,149],[4,31],[0,149],[4,30],[0,150],[4,29],[0,151],[4,28],[0,152],[4,27],[0,153],[4,25],[0,155],[4,24],[0,156],[4,23],[0,157],[4,21],[0,159],[4,20],[0,160],[4,18],[0,162],[4,16],[0,164],[4,13],[0,167],[4,11],[0,169],[4,7],[0,2090],[4,2],[0,178],[4,2],[0,2761]]
,[[0,2],[3,57],[0,123],[3,57],[0,124],[3,55],[0,126],[3,53],[0,128],[3,51],[0,124],[3,56],[0,124],[3,55],[0,125],[3,54],[0,126],[3,52],[0,128],[3,51],[0,129],[3,50],[0,130],[3,48],[0,132],[3,46],[2,1],[0,133],[3,44],[0,136],[3,42],[0,138],[3,39],[0,141],[3,37],[0,143],[3,38],[0,142],[3,39],[0,141],[3,40],[0,140],[3,40],[0,140],[3,41],[0,139],[3,42],[0,138],[3,43],[0,137],[3,43],[0,137],[3,44],[0,136],[3,45],[0,135],[4,13],[3,32],[0,135],[4,16],[3,30],[0,134],[4,18],[3,28],[0,134],[4,19],[3,28],[0,133],[4,20],[3,27],[0,133],[4,22],[3,25],[0,133],[4,23],[3,25],[0,132],[4,23],[3,25],[0,132],[4,24],[3,25],[0,131],[4,25],[3,24],[0,131],[4,26],[3,23],[0,131],[4,26],[3,23],[0,131],[4,27],[3,23],[0,130],[4,27],[3,23],[0,130],[4,27],[3,23],[0,130],[4,28],[3,22],[0,130],[4,28],[3,22],[0,130],[4,28],[3,22],[0,130],[4,28],[3,22],[0,130],[4,28],[3,22],[0,130],[4,28],[3,22],[0,130],[4,28],[3,22],[2,1],[0,129],[4,28],[3,22],[0,130],[4,28],[3,22],[0,130],[4,28],[3,22],[0,130],[4,28],[3,22],[0,130],[4,28],[3,22],[0,130],[4,28],[3,22],[0,130],[4,27],[3,23],[0,130],[4,27],[3,23],[0,130],[4,27],[3,23],[0,130],[4,26],[3,23],[0,131],[4,26],[3,23],[0,131],[4,25],[3,24],[0,131],[4,24],[3,25],[0,131],[4,23],[3,25],[0,132],[4,23],[3,25],[0,132],[4,22],[3,25],[0,133],[4,20],[3,27],[0,133],[4,19],[3,28],[0,133],[4,18],[3,28],[0,134],[4,16],[3,30],[0,134],[4,16],[3,29],[0,135],[4,18],[3,27],[0,135],[4,20],[3,24],[0,136],[4,21],[3,22],[0,137],[4,23],[3,20],[0,137],[4,24],[3,18],[0,138],[4,25],[3,16],[0,139],[4,27],[3,5],[4,2],[3,6],[0,140],[4,28],[3,4],[4,2],[3,6],[0,140],[4,29],[3,3],[4,2],[3,5],[0,141],[4,30],[3,8],[0,142],[4,31],[3,6],[0,143],[4,31],[3,5],[0,144],[4,32],[3,2],[0,146],[4,33],[0,147],[4,34],[0,146],[4,34],[0,146],[4,35],[0,145],[4,36],[0,144],[4,36],[0,144],[4,37],[0,143],[4,37],[0,143],[4,38],[0,142],[4,38],[0,142],[4,38],[0,142],[4,39],[0,141],[4,39],[0,141],[4,40],[0,140],[4,40],[0,140],[4,40],[0,140],[4,40],[0,140],[4,41],[0,139],[4,41],[0,139],[4,41],[0,139],[4,41],[0,139],[4,41],[0,139],[4,41],[0,139],[4,41],[0,139],[4,41],[0,139],[4,41],[0,139],[4,42],[0,138],[4,41],[0,139],[4,41],[0,139],[4,41],[0,139],[4,41],[0,139],[4,41],[0,139],[4,41],[0,139],[4,41],[0,139],[4,41],[0,139],[4,41],[0,139],[4,40],[0,140],[4,40],[0,140],[4,40],[0,140],[4,40],[0,140],[4,39],[0,141],[4,39],[0,141],[4,38],[0,142],[4,38],[0,142],[4,38],[0,142],[4,37],[0,143],[4,37],[0,143],[4,36],[0,144],[4,36],[0,144],[4,35],[0,145],[4,34],[0,146],[4,34],[0,146],[4,33],[0,147],[4,32],[0,148],[4,31],[0,149],[4,31],[0,149],[4,30],[0,150],[4,29],[0,151],[4,28],[0,152],[4,27],[0,153],[4,25],[0,155],[4,24],[0,156],[4,23],[0,157],[4,21],[0,159],[4,20],[0,160],[4,18],[0,162],[4,16],[0,164],[4,13],[0,167],[4,11],[0,169],[4,7],[0,2090],[4,2],[0,2941]]
,[[0,726],[2,1],[0,173],[3,16],[0,164],[3,20],[0,160],[3,22],[0,158],[3,25],[0,155],[3,27],[0,153],[3,29],[0,151],[3,30],[0,150],[3,32],[0,148],[3,33],[0,147],[3,34],[0,146],[3,36],[0,144],[3,37],[0,143],[3,38],[0,142],[3,39],[0,141],[3,40],[0,140],[3,40],[0,140],[3,41],[0,139],[3,42],[0,138],[3,43],[0,137],[3,43],[0,137],[3,44],[0,136],[3,45],[0,135],[4,13],[3,32],[0,135],[4,16],[3,30],[0,134],[4,18],[3,28],[0,134],[4,19],[3,28],[0,133],[4,20],[3,27],[0,133],[4,22],[3,25],[0,133],[4,23],[3,25],[0,132],[4,23],[3,25],[0,132],[4,24],[3,25],[0,131],[4,25],[3,24],[0,131],[4,26],[3,23],[0,131],[4,26],[3,23],[0,131],[4,27],[3,23],[0,130],[4,27],[3,23],[0,130],[4,27],[3,23],[0,130],[4,28],[3,22],[0,130],[4,28],[3,22],[0,130],[4,28],[3,22],[0,130],[4,28],[3,22],[0,130],[4,28],[3,22],[0,130],[4,28],[3,22],[0,130],[4,28],[3,22],[2,1],[0,129],[4,28],[3,22],[0,130],[4,28],[3,22],[0,130],[4,28],[3,22],[0,130],[4,28],[3,22],[0,130],[4,28],[3,22],[0,130],[4,28],[3,22],[0,130],[4,27],[3,23],[0,130],[4,27],[3,23],[0,130],[4,27],[3,23],[0,130],[4,26],[3,23],[0,131],[4,26],[3,23],[0,131],[4,25],[3,24],[0,131],[4,24],[3,25],[0,131],[4,23],[3,25],[0,132],[4,23],[3,25],[0,132],[4,22],[3,25],[0,133],[4,20],[3,27],[0,133],[4,19],[3,28],[0,133],[4,18],[3,28],[0,134],[4,16],[3,30],[0,134],[4,16],[3,29],[0,135],[4,18],[3,27],[0,135],[4,20],[3,24],[0,136],[4,21],[3,22],[0,137],[4,23],[3,20],[0,137],[4,24],[3,18],[0,138],[4,25],[3,16],[0,139],[4,27],[3,5],[4,2],[3,6],[0,140],[4,28],[3,4],[4,2],[3,6],[0,140],[4,29],[3,3],[4,2],[3,5],[0,141],[4,30],[3,8],[0,142],[4,31],[3,6],[0,143],[4,31],[3,5],[0,144],[4,32],[3,2],[0,146],[4,33],[0,147],[4,34],[0,146],[4,34],[0,146],[4,35],[0,145],[4,36],[0,144],[4,36],[0,144],[4,37],[0,143],[4,37],[0,143],[4,38],[0,142],[4,38],[0,142],[4,38],[0,142],[4,39],[0,141],[4,39],[0,141],[4,40],[0,140],[4,40],[0,140],[4,40],[0,140],[4,40],[0,140],[4,41],[0,139],[4,41],[0,139],[4,41],[0,139],[4,41],[0,139],[4,41],[0,139],[4,41],[0,139],[4,41],[0,139],[4,41],[0,139],[4,41],[0,139],[4,42],[0,138],[4,41],[0,139],[4,41],[0,139],[4,41],[0,139],[4,41],[0,139],[4,41],[0,139],[4,41],[0,139],[4,41],[0,139],[4,41],[0,139],[4,41],[0,139],[4,40],[0,140],[4,40],[0,140],[4,40],[0,140],[4,40],[0,140],[4,39],[0,141],[4,39],[0,141],[4,38],[0,142],[4,38],[0,142],[4,38],[0,142],[4,37],[0,143],[4,37],[0,143],[4,36],[0,144],[4,36],[0,144],[4,35],[0,145],[4,34],[0,146],[4,34],[0,146],[4,33],[0,147],[4,32],[0,148],[4,31],[0,149],[4,31],[0,149],[4,30],[0,150],[4,29],[0,151],[4,28],[0,152],[4,27],[0,153],[4,25],[0,155],[4,24],[0,156],[4,23],[0,157],[4,21],[0,159],[4,20],[0,160],[4,18],[0,162],[4,16],[0,164],[4,13],[0,167],[4,11],[0,169],[4,7],[0,2090],[4,2],[0,2941]]
,[[0,726],[2,1],[0,173],[3,16],[0,164],[3,20],[0,160],[3,22],[0,158],[3,25],[0,155],[3,27],[0,153],[3,29],[0,151],[3,30],[0,150],[3,32],[0,148],[3,33],[0,147],[3,34],[0,146],[3,36],[0,144],[3,37],[0,143],[3,38],[0,142],[3,39],[0,141],[3,40],[0,140],[3,40],[0,140],[3,41],[0,139],[3,42],[0,138],[3,43],[0,137],[3,43],[0,137],[3,44],[0,136],[3,45],[0,135],[4,13],[3,32],[0,135],[4,16],[3,30],[0,134],[4,18],[3,28],[0,134],[4,19],[3,28],[0,133],[4,20],[3,27],[0,133],[4,22],[3,25],[0,133],[4,23],[3,25],[0,132],[4,23],[3,25],[0,132],[4,24],[3,25],[0,131],[4,25],[3,24],[0,131],[4,26],[3,23],[0,131],[4,26],[3,23],[0,131],[4,27],[3,23],[0,130],[4,27],[3,23],[0,130],[4,27],[3,23],[0,130],[4,28],[3,22],[0,130],[4,28],[3,22],[0,130],[4,28],[3,22],[0,130],[4,28],[3,22],[0,130],[4,28],[3,22],[0,130],[4,28],[3,22],[0,130],[4,28],[3,22],[2,1],[0,129],[4,28],[3,22],[0,130],[4,28],[3,22],[0,130],[4,28],[3,22],[0,130],[4,28],[3,22],[0,130],[4,28],[3,22],[0,130],[4,28],[3,22],[0,130],[4,27],[3,23],[0,130],[4,27],[3,23],[0,130],[4,27],[3,23],[0,130],[4,26],[3,23],[0,131],[4,26],[3,23],[0,131],[4,25],[3,24],[0,131],[4,24],[3,25],[0,131],[4,23],[3,25],[0,132],[4,23],[3,25],[0,132],[4,22],[3,25],[0,133],[4,20],[3,27],[0,133],[4,19],[3,28],[0,133],[4,18],[3,28],[0,134],[4,16],[3,30],[0,134],[4,16],[3,29],[0,135],[4,18],[3,27],[0,135],[4,20],[3,24],[0,136],[4,21],[3,22],[0,137],[4,23],[3,20],[0,137],[4,24],[3,18],[0,138],[4,25],[3,16],[0,139],[4,27],[3,13],[0,140],[4,28],[3,12],[0,140],[4,29],[3,10],[0,141],[4,30],[3,8],[0,142],[4,31],[3,6],[0,143],[4,31],[3,5],[0,144],[4,32],[3,2],[0,146],[4,33],[0,147],[4,34],[0,146],[4,34],[0,146],[4,35],[0,145],[4,36],[0,144],[4,36],[0,144],[4,37],[0,143],[4,37],[0,143],[4,38],[0,142],[4,38],[0,142],[4,38],[0,142],[4,39],[0,141],[4,39],[0,141],[4,40],[0,140],[4,40],[0,140],[4,40],[0,140],[4,40],[0,140],[4,41],[0,139],[4,41],[0,139],[4,41],[0,139],[4,41],[0,139],[4,41],[0,139],[4,41],[0,139],[4,41],[0,139],[4,41],[0,139],[4,41],[0,139],[4,42],[0,138],[4,41],[0,139],[4,41],[0,139],[4,41],[0,139],[4,41],[0,139],[4,41],[0,139],[4,41],[0,139],[4,41],[0,139],[4,41],[0,139],[4,41],[0,139],[4,40],[0,140],[4,40],[0,140],[4,40],[0,140],[4,40],[0,140],[4,39],[0,141],[4,39],[0,141],[4,38],[0,142],[4,38],[0,142],[4,38],[0,142],[4,37],[0,143],[4,37],[0,143],[4,36],[0,144],[4,36],[0,144],[4,35],[0,145],[4,34],[0,146],[4,34],[0,146],[4,33],[0,147],[4,32],[0,148],[4,31],[0,149],[4,31],[0,149],[4,30],[0,150],[4,29],[0,151],[4,28],[0,152],[4,27],[0,153],[4,25],[0,155],[4,24],[0,156],[4,23],[0,157],[4,21],[0,159],[4,20],[0,160],[4,18],[0,162],[4,16],[0,164],[4,13],[0,167],[4,11],[0,169],[4,7],[0,2090],[4,2],[0,2941]]
,[[0,726],[2,1],[0,173],[3,16],[0,164],[3,20],[0,160],[3,22],[0,158],[3,25],[0,155],[3,27],[0,153],[3,29],[0,151],[3,30],[0,150],[3,32],[0,148],[3,33],[0,147],[3,34],[0,146],[3,36],[0,144],[3,37],[0,143],[3,38],[0,142],[3,39],[0,141],[3,40],[0,140],[3,40],[0,140],[3,41],[0,139],[3,42],[0,138],[3,43],[0,137],[3,43],[0,137],[3,44],[0,136],[3,45],[0,135],[4,13],[3,32],[0,135],[4,16],[3,30],[0,134],[4,18],[3,28],[0,134],[4,19],[3,28],[0,133],[4,20],[3,27],[0,133],[4,22],[3,25],[0,133],[4,23],[3,25],[0,132],[4,23],[3,25],[0,132],[4,24],[3,25],[0,131],[4,25],[3,24],[0,131],[4,26],[3,23],[0,131],[4,26],[3,23],[0,131],[4,27],[3,23],[0,130],[4,27],[3,23],[0,130],[4,27],[3,23],[0,130],[4,28],[3,22],[0,130],[4,28],[3,22],[0,130],[4,28],[3,22],[0,130],[4,28],[3,22],[0,130],[4,28],[3,22],[0,130],[4,28],[3,22],[0,130],[4,28],[3,22],[2,1],[0,129],[4,28],[3,22],[0,130],[4,28],[3,22],[0,130],[4,28],[3,22],[0,130],[4,28],[3,22],[0,130],[4,28],[3,22],[0,130],[4,28],[3,22],[0,130],[4,27],[3,23],[0,130],[4,27],[3,23],[0,130],[4,27],[3,23],[0,130],[4,26],[3,23],[0,131],[4,26],[3,23],[0,131],[4,25],[3,24],[0,131],[4,24],[3,25],[0,131],[4,23],[3,25],[0,132],[4,23],[3,25],[0,132],[4,22],[3,25],[0,133],[4,20],[3,27],[0,133],[4,19],[3,28],[0,133],[4,18],[3,28],[0,134],[4,16],[3,30],[0,134],[4,16],[3,29],[0,135],[4,18],[3,27],[0,135],[4,20],[3,24],[0,136],[4,21],[3,22],[0,137],[4,23],[3,20],[0,137],[4,24],[3,18],[0,138],[4,25],[3,16],[0,139],[4,27],[3,13],[0,140],[4,28],[3,12],[0,140],[4,29],[3,10],[0,141],[4,30],[3,8],[0,142],[4,31],[3,6],[0,143],[4,31],[3,5],[0,144],[4,32],[3,2],[0,146],[4,33],[0,147],[4,34],[0,146],[4,34],[0,146],[4,35],[0,145],[4,36],[0,144],[4,36],[0,144],[4,37],[0,143],[4,37],[0,143],[4,38],[0,142],[4,38],[0,142],[4,38],[0,142],[4,39],[0,141],[4,39],[0,141],[4,40],[0,140],[4,40],[0,140],[4,40],[0,140],[4,40],[0,140],[4,41],[0,139],[4,41],[0,139],[4,41],[0,139],[4,41],[0,139],[4,41],[0,139],[4,41],[0,139],[4,41],[0,139],[4,41],[0,139],[4,41],[0,139],[4,42],[0,138],[4,41],[0,139],[4,41],[0,139],[4,41],[0,139],[4,41],[0,139],[4,41],[0,139],[4,41],[0,139],[4,41],[0,139],[4,41],[0,139],[4,41],[0,139],[4,40],[0,140],[4,40],[0,140],[4,40],[0,140],[4,40],[0,140],[4,39],[0,141],[4,39],[0,141],[4,38],[0,142],[4,38],[0,142],[4,38],[0,142],[4,37],[0,143],[4,37],[0,143],[4,36],[0,144],[4,36],[0,144],[4,35],[0,145],[4,34],[0,146],[4,34],[0,146],[4,33],[0,147],[4,32],[0,148],[4,31],[0,149],[4,31],[0,149],[4,30],[0,150],[4,29],[0,151],[4,28],[0,152],[4,27],[0,153],[4,25],[0,155],[4,24],[0,156],[4,23],[0,157],[4,21],[0,159],[4,20],[0,160],[4,18],[0,162],[4,16],[0,164],[4,13],[0,167],[4,11],[0,169],[4,7],[0,2090],[4,2],[0,2941]]
,[[0,32400]]
,[[0,32400]]
,[[0,32400]]
,[[0,32400]]
],"explored":[[[false,32400]]
,[[false,32400]]
,[[false,32400]]
,[[false,32400]]
,[[false,32400]]
,[[false,32400]]
,[[false,32400]]
,[[false,32400]]
,[[false,32400]]
,[[false,32400]]
,[[false,32400]]
,[[false,32400]]
,[[false,32400]]
,[[false,32400]]
,[[false,32400]]
,[[false,32400]]
,[[false,32400]]
,[[false,32400]]
,[[false,32400]]
,[[false,32400]]
,[[false,32400]]
],"notes":[[],[],[],[],[],[],[],[],[],[],[[7,93,"gas",false,0]
,[25,126,"ammo",false,0]
,[27,85,"wasp",false,0]
,[18,81,"telescopic crane",false,0]
,[10,15,"food/water",false,0]
],[],[],[],[],[],[],[],[],[],[]],"extras":[[],[],[],[],[],[],[],[],[],[],[[0,88,"mx_grass"]
,[2,89,"mx_grass"]
,[4,87,"mx_grass"]
,[5,86,"mx_grass2"]
,[6,91,"mx_point_burned_ground"]
,[3,93,"mx_grass2"]
,[4,93,"mx_crater"]
,[5,94,"mx_point_dead_vegetation"]
,[4,96,"mx_grass"]
,[5,96,"mx_grass"]
,[7,96,"mx_knotweed_patch"]
,[11,95,"mx_fallen_shed"]
,[11,89,"mx_grass"]
,[13,89,"mx_grass2"]
,[14,91,"mx_point_dead_vegetation"]
,[15,92,"mx_grass2"]
,[17,94,"mx_grass2"]
,[18,96,"mx_grove"]
,[21,106,"mx_grass2"]
,[18,112,"mx_grass"]
,[13,111,"mx_grass2"]
,[14,117,"mx_sand_patch"]
,[13,118,"mx_sand_patch"]
,[14,118,"mx_grass2"]
,[16,119,"mx_grass2"]
,[16,120,"mx_trees2"]
,[19,118,"mx_grass2"]
,[20,119,"mx_grass"]
,[16,122,"mx_pond"]
,[17,122,"mx_grave"]
,[21,120,"mx_grass"]
,[21,122,"mx_grass"]
,[19,123,"mx_grass2"]
,[21,123,"mx_trees"]
,[23,122,"mx_grass"]
,[23,123,"mx_grass"]
,[18,124,"mx_grass2"]
,[19,124,"mx_grass2"]
,[24,123,"mx_grass2"]
,[25,123,"mx_grass"]
,[22,125,"mx_blackberry_patch"]
,[26,122,"mx_trees2"]
,[26,124,"mx_grass2"]
,[26,125,"mx_grass2"]
,[26,126,"mx_trees"]
,[27,122,"mx_point_dead_vegetation"]
,[24,127,"mx_grass2"]
,[24,128,"mx_grass"]
,[26,128,"mx_grass2"]
,[24,129,"mx_grass"]
,[26,129,"mx_grass2"]
,[23,131,"mx_grass"]
,[27,131,"mx_grass"]
,[30,125,"mx_grass"]
,[30,122,"mx_trees2"]
,[31,126,"mx_grass"]
,[32,124,"mx_grass"]
,[28,120,"mx_grass"]
,[29,120,"mx_grass2"]
,[30,120,"mx_trees2"]
,[33,119,"mx_trees"]
,[34,121,"mx_sand_patch"]
,[34,118,"mx_knotweed_patch"]
,[36,120,"mx_trees2"]
,[36,123,"mx_grass2"]
,[34,117,"mx_point_dead_vegetation"]
,[40,122,"mx_point_dead_vegetation"]
,[35,124,"mx_grass2"]
,[36,124,"mx_grass"]
,[44,120,"mx_blackberry_patch"]
,[34,109,"mx_knotweed_patch"]
,[36,109,"mx_grass2"]
,[35,108,"mx_grass2"]
,[38,108,"mx_grass"]
,[37,107,"mx_grass2"]
,[38,107,"mx_point_burned_ground"]
,[34,106,"mx_grass2"]
,[38,106,"mx_grass2"]
,[33,104,"mx_trees2"]
,[33,103,"mx_grass2"]
,[36,103,"mx_grass2"]
,[37,103,"mx_grass"]
,[32,103,"mx_grass"]
,[31,103,"mx_grass"]
,[34,99,"mx_grass2"]
,[30,102,"mx_grass2"]
,[29,101,"mx_pond"]
,[29,104,"mx_blackberry_patch"]
,[31,98,"mx_grass2"]
,[32,98,"mx_trees2"]
,[34,96,"mx_point_burned_ground"]
,[32,95,"mx_point_dead_vegetation"]
,[34,95,"mx_grass"]
,[35,95,"mx_grass"]
,[37,95,"mx_corpses"]
,[37,94,"mx_trees"]
,[32,92,"mx_knotweed_patch"]
,[37,92,"mx_trees2"]
,[38,95,"mx_mayhem"]
,[38,91,"mx_point_burned_ground"]
,[30,95,"mx_grass2"]
,[35,90,"mx_grass2"]
,[35,88,"mx_sand_patch"]
,[32,87,"mx_grass2"]
,[33,87,"mx_sand_patch"]
,[35,86,"mx_trees2"]
,[32,84,"mx_grass"]
,[35,84,"mx_grass2"]
,[31,83,"mx_knotweed_patch"]
,[29,82,"mx_trees2"]
,[32,81,"mx_grass2"]
,[31,78,"mx_grass"]
,[27,84,"mx_nest_wasp"]
,[24,84,"mx_grass2"]
,[24,87,"mx_casings"]
,[23,83,"mx_grass2"]
,[22,84,"mx_grass2"]
,[25,82,"mx_sand_patch"]
,[26,82,"mx_grass2"]
,[27,82,"mx_grass"]
,[20,81,"mx_grass"]
,[16,81,"mx_grass2"]
,[16,82,"mx_grass2"]
,[15,86,"mx_grass"]
,[14,82,"mx_grass2"]
,[14,83,"mx_grass"]
,[19,80,"mx_grass"]
,[15,79,"mx_point_burned_ground"]
,[18,79,"mx_grass2"]
,[17,78,"mx_grass2"]
,[19,78,"mx_grass"]
,[18,88,"mx_grass2"]
,[25,95,"mx_point_dead_vegetation"]
,[12,123,"mx_blackberry_patch"]
,[16,126,"mx_point_burned_ground"]
,[15,128,"mx_grass"]
,[15,131,"mx_trees2"]
,[15,132,"mx_grass2"]
,[15,133,"mx_grass2"]
,[9,129,"mx_pond_forest"]
,[9,131,"mx_blackberry_patch"]
,[13,135,"mx_grass"]
,[13,136,"mx_grass"]
,[12,138,"mx_grass2"]
,[15,140,"mx_grass"]
,[16,136,"mx_grass"]
,[16,141,"mx_trees"]
,[15,143,"mx_grass2"]
,[8,144,"mx_blackberry_patch"]
,[12,144,"mx_blackberry_patch"]
,[9,149,"mx_blackberry_patch"]
,[6,148,"mx_drugdeal"]
,[5,152,"mx_grass"]
,[2,151,"mx_Trapdoor_spider_den"]
,[3,154,"mx_grass2"]
,[2,157,"mx_grass"]
,[0,161,"mx_grass"]
,[18,140,"mx_grass"]
,[19,135,"mx_grass"]
,[21,137,"mx_grass"]
,[24,139,"mx_casings"]
,[24,140,"mx_point_burned_ground"]
,[25,136,"mx_grass2"]
,[26,140,"mx_grass2"]
,[21,141,"mx_grass2"]
,[26,141,"mx_grass2"]
,[28,137,"mx_grass"]
,[30,139,"mx_grass2"]
,[32,146,"mx_grass"]
,[30,147,"mx_point_burned_ground"]
,[32,148,"mx_trees2"]
,[33,148,"mx_casings"]
,[32,150,"mx_roadworks"]
,[34,148,"mx_point_burned_ground"]
,[30,151,"mx_grass"]
,[31,151,"mx_grass"]
,[35,151,"mx_trees2"]
,[36,146,"mx_grass"]
,[31,154,"mx_grass"]
,[35,144,"mx_grass"]
,[34,141,"mx_grass2"]
,[33,140,"mx_point_dead_vegetation"]
,[34,140,"mx_grass"]
,[30,138,"mx_grass2"]
,[32,134,"mx_point_dead_vegetation"]
,[31,134,"mx_grass2"]
,[29,132,"mx_point_dead_vegetation"]
,[35,136,"mx_point_dead_vegetation"]
,[37,133,"mx_grass"]
,[39,132,"mx_grass2"]
,[34,131,"mx_grass"]
,[40,134,"mx_grass2"]
,[41,131,"mx_point_dead_vegetation"]
,[45,134,"mx_grass2"]
,[49,131,"mx_casings"]
,[49,133,"mx_grass"]
,[50,131,"mx_Trapdoor_spider_den"]
,[50,132,"mx_trees2"]
,[53,129,"mx_grass"]
,[54,130,"mx_grass2"]
,[50,134,"mx_grass"]
,[51,134,"mx_grass2"]
,[54,134,"mx_grass2"]
,[55,130,"mx_grass2"]
,[57,129,"mx_grass2"]
,[58,129,"mx_grass"]
,[56,135,"mx_grass2"]
,[59,132,"mx_grass"]
,[55,136,"mx_grass"]
,[59,136,"mx_point_burned_ground"]
,[58,138,"mx_trees2"]
,[56,139,"mx_sand_patch"]
,[55,140,"mx_grass2"]
,[52,136,"mx_grass"]
,[52,142,"mx_grass"]
,[53,142,"mx_point_burned_ground"]
,[56,143,"mx_nest_wasp"]
,[50,138,"mx_point_dead_vegetation"]
,[50,140,"mx_grass"]
,[57,143,"mx_point_burned_ground"]
,[52,145,"mx_grass2"]
,[53,145,"mx_point_dead_vegetation"]
,[55,145,"mx_grass2"]
,[40,130,"mx_trees2"]
,[33,128,"mx_grass"]
,[34,127,"mx_grass"]
,[36,127,"mx_grave"]
,[33,125,"mx_trees2"]
,[18,77,"mx_grass2"]
,[20,76,"mx_grass2"]
,[18,75,"mx_trees"]
,[17,74,"mx_grass2"]
,[22,74,"mx_grass"]
,[21,73,"mx_trees"]
,[19,72,"mx_grass2"]
,[18,70,"mx_grass"]
,[21,70,"mx_grass2"]
,[21,68,"mx_trees"]
,[20,67,"mx_grass2"]
,[21,66,"mx_grass2"]
,[16,74,"mx_grass2"]
,[15,76,"mx_sand_patch"]
,[13,72,"mx_grass"]
,[13,74,"mx_grass2"]
,[12,73,"mx_grass"]
,[12,74,"mx_grass"]
,[11,74,"mx_grass"]
,[9,73,"mx_grass"]
,[8,76,"mx_sand_patch"]
,[7,75,"mx_casings"]
,[4,75,"mx_grass2"]
,[4,76,"mx_grass2"]
,[2,71,"mx_grass"]
,[2,73,"mx_fallen_shed"]
,[6,70,"mx_blackberry_patch"]
,[1,70,"mx_trees2"]
,[1,74,"mx_point_dead_vegetation"]
,[0,72,"mx_trees2"]
,[0,68,"mx_trees2"]
,[2,68,"mx_blackberry_patch"]
,[0,67,"mx_grass2"]
,[1,57,"mx_grass"]
,[0,55,"mx_knotweed_patch"]
,[1,54,"mx_grass"]
,[1,53,"mx_grass2"]
,[0,52,"mx_grass"]
,[3,52,"mx_pond"]
,[3,56,"mx_grass2"]
,[0,50,"mx_point_dead_vegetation"]
,[4,55,"mx_grass2"]
,[0,49,"mx_trees2"]
,[1,49,"mx_trees"]
,[2,49,"mx_point_burned_ground"]
,[4,49,"mx_grass"]
,[0,48,"mx_point_dead_vegetation"]
,[5,53,"mx_grass2"]
,[6,49,"mx_grass2"]
,[6,51,"mx_grass"]
,[9,47,"mx_grass2"]
,[9,48,"mx_grass2"]
,[0,45,"mx_grass"]
,[0,46,"mx_grass"]
,[2,44,"mx_roadblock"]
,[1,42,"mx_grass"]
,[0,40,"mx_trees"]
,[4,39,"mx_grass2"]
,[5,39,"mx_grass2"]
,[5,40,"mx_fallen_shed"]
,[7,44,"mx_blackberry_patch"]
,[8,40,"mx_trees2"]
,[7,37,"mx_trees2"]
,[14,41,"mx_point_dead_vegetation"]
,[13,38,"mx_casings"]
,[8,36,"mx_grass"]
,[12,36,"mx_clay_deposit"]
,[7,35,"mx_grass"]
,[7,34,"mx_trees"]
,[8,34,"mx_grass2"]
,[7,30,"mx_grass2"]
,[10,30,"mx_trees2"]
,[6,29,"mx_grass"]
,[6,30,"mx_grass"]
,[5,32,"mx_grass"]
,[5,33,"mx_grass"]
,[9,27,"mx_point_dead_vegetation"]
,[11,27,"mx_grass2"]
,[8,26,"mx_fallen_shed"]
,[10,26,"mx_grass2"]
,[12,25,"mx_grass2"]
,[9,24,"mx_drugdeal"]
,[6,25,"mx_grass2"]
,[6,26,"mx_grass"]
,[5,22,"mx_grass"]
,[8,22,"mx_grass2"]
,[10,22,"mx_grass2"]
,[4,25,"mx_grass2"]
,[4,26,"mx_grass"]
,[5,20,"mx_fallen_shed"]
,[9,20,"mx_trees2"]
,[11,21,"mx_grass"]
,[8,19,"mx_grass2"]
,[10,19,"mx_grass2"]
,[7,18,"mx_point_dead_vegetation"]
,[9,18,"mx_grass2"]
,[11,18,"mx_grass2"]
,[10,17,"mx_grass2"]
,[7,15,"mx_grass"]
,[10,15,"mx_supplydrop"]
,[12,14,"mx_worm_sign"]
,[9,12,"mx_point_dead_vegetation"]
,[6,11,"mx_fallen_shed"]
,[10,11,"mx_grass"]
,[13,11,"mx_grass2"]
,[12,9,"mx_grass2"]
,[14,9,"mx_reed"]
,[15,10,"mx_point_dead_vegetation"]
,[16,9,"mx_reed"]
,[17,12,"mx_reed"]
,[17,14,"mx_reed"]
,[14,8,"mx_reed"]
,[18,8,"mx_reed"]
,[16,15,"mx_casings"]
,[4,13,"mx_grass2"]
,[3,12,"mx_collegekids"]
,[3,13,"mx_grass2"]
,[4,11,"mx_grass"]
,[2,16,"mx_point_dead_vegetation"]
,[2,10,"mx_grass"]
,[4,10,"mx_grass"]
,[6,9,"mx_grass"]
,[1,10,"mx_trees"]
,[1,13,"mx_grass2"]
,[0,10,"mx_grass2"]
,[0,11,"mx_trees"]
,[0,14,"mx_grass2"]
,[0,8,"mx_grass2"]
,[3,2,"mx_sand_patch"]
,[4,4,"mx_grass"]
,[2,6,"mx_grass2"]
,[3,7,"mx_grass2"]
,[4,7,"mx_sand_patch"]
,[6,2,"mx_grass"]
,[8,4,"mx_grass"]
,[9,8,"mx_grass"]
,[10,5,"mx_pond"]
,[10,6,"mx_grass"]
,[12,7,"mx_grass"]
,[15,7,"mx_reed"]
,[20,10,"mx_reed"]
,[20,3,"mx_grass"]
,[23,0,"mx_Trapdoor_spider_den"]
,[30,5,"mx_bandits_block"]
,[35,6,"mx_casings"]
,[36,4,"mx_blackberry_patch"]
,[37,5,"mx_grass2"]
,[37,8,"mx_casings"]
,[38,6,"mx_trees2"]
,[40,5,"mx_grass2"]
,[42,6,"mx_trees2"]
,[43,4,"mx_knotweed_patch"]
,[43,7,"mx_grass"]
,[43,3,"mx_trees2"]
,[44,6,"mx_corpses"]
,[44,8,"mx_grass2"]
,[45,4,"mx_grass2"]
,[46,4,"mx_grass2"]
,[46,5,"mx_grass2"]
,[47,6,"mx_grass2"]
,[48,5,"mx_grass2"]
,[52,6,"mx_grass2"]
,[48,9,"mx_point_dead_vegetation"]
,[49,10,"mx_grass2"]
,[46,12,"mx_grass"]
,[47,12,"mx_grass"]
,[43,10,"mx_grass2"]
,[47,13,"mx_collegekids"]
,[42,13,"mx_point_burned_ground"]
,[43,14,"mx_grass"]
,[46,15,"mx_point_burned_ground"]
,[41,11,"mx_grass2"]
,[44,16,"mx_grass"]
,[40,13,"mx_grass"]
,[40,17,"mx_grass2"]
,[39,16,"mx_grass"]
,[38,17,"mx_knotweed_patch"]
,[37,15,"mx_grass"]
,[37,19,"mx_corpses"]
,[34,16,"mx_grass"]
,[34,18,"mx_point_burned_ground"]
,[33,18,"mx_grass"]
,[36,23,"mx_trees"]
,[37,24,"mx_grass2"]
,[38,24,"mx_grass"]
,[32,21,"mx_reed"]
,[33,28,"mx_grass"]
,[32,29,"mx_reed"]
,[31,29,"mx_reed"]
,[31,30,"mx_reed"]
,[31,31,"mx_reed"]
,[31,33,"mx_reed"]
,[36,33,"mx_riverside_boat"]
,[34,34,"mx_minefield"]
,[35,37,"mx_reed"]
,[30,38,"mx_casings"]
,[29,33,"mx_reed"]
,[20,37,"mx_clay_deposit"]
,[19,36,"mx_drugdeal"]
,[24,30,"mx_pond_swamp"]
,[17,26,"mx_blackberry_patch"]
,[6,35,"mx_grass"]
,[8,84,"mx_trees"]
,[9,83,"mx_grass"]
,[8,81,"mx_grass2"]
,[8,79,"mx_grass2"]
,[7,78,"mx_grass"]
,[0,37,"mx_sand_patch"]
,[3,36,"mx_grass2"]
,[0,35,"mx_grass2"]
,[3,35,"mx_grass2"]
,[4,34,"mx_grass2"]
,[1,33,"mx_grass2"]
,[1,32,"mx_grass"]
,[1,31,"mx_point_burned_ground"]
,[0,30,"mx_grass"]
,[1,30,"mx_grass2"]
,[2,30,"mx_grass"]
,[0,29,"mx_grass2"]
,[2,29,"mx_trees"]
,[3,29,"mx_knotweed_patch"]
,[3,27,"mx_trees"]
,[2,26,"mx_grass"]
,[2,25,"mx_trees"]
,[13,25,"mx_point_dead_vegetation"]
,[14,22,"mx_point_burned_ground"]
,[14,24,"mx_grass"]
,[13,21,"mx_grass"]
,[17,19,"mx_blackberry_patch"]
,[21,18,"mx_reed"]
,[22,19,"mx_reed"]
,[22,21,"mx_reed"]
,[18,17,"mx_reed"]
,[24,22,"mx_reed"]
,[30,39,"mx_pond"]
,[38,37,"mx_reed"]
,[39,38,"mx_reed"]
,[40,41,"mx_grass"]
,[39,35,"mx_reed"]
,[41,36,"mx_reed"]
,[42,40,"mx_reed"]
,[43,41,"mx_reed"]
,[44,37,"mx_reed"]
,[44,39,"mx_reed"]
,[39,43,"mx_pond"]
],[],[],[],[],[],[],[],[],[],[]]}