# version 36
{"visible":[[[0,32400]]
,[[0,32400]]
,[[0,32400]]
,[[0,32400]]
,[[0,32400]]
,[[0,32400]]
,[[0,12682],[4,57],[0,123],[4,1],[0,55],[4,1],[0,121],[4,3],[0,55],[4,1],[0,117],[4,5],[0,28],[4,30],[0,115],[4,6],[0,29],[4,1],[0,143],[4,2],[0,34],[4,1],[0,143],[4,1],[0,35],[4,1],[0,140],[4,4],[0,35],[4,1],[0,139],[4,2],[0,38],[4,1],[0,139],[4,1],[0,39],[4,1],[0,139],[4,2],[0,38],[4,1],[0,140],[4,2],[0,37],[4,1],[0,141],[4,1],[0,37],[4,1],[0,141],[4,1],[0,37],[4,1],[0,141],[4,1],[0,37],[4,1],[0,141],[4,1],[0,37],[4,1],[0,141],[4,1],[0,37],[4,1],[0,75],[4,70],[0,34],[4,1],[0,75],[4,1],[0,103],[4,1],[0,75],[4,1],[0,103],[4,1],[0,75],[4,1],[0,103],[4,1],[0,75],[4,1],[0,103],[4,1],[0,75],[4,1],[0,103],[4,1],[0,75],[4,1],[0,103],[4,1],[0,75],[4,1],[0,103],[4,1],[0,75],[4,1],[0,103],[4,1],[0,75],[4,1],[0,103],[4,1],[0,75],[4,1],[0,103],[4,1],[0,75],[4,1],[0,103],[4,1],[0,75],[4,1],[0,103],[4,1],[0,75],[4,1],[0,103],[4,1],[0,14290]]
,[[0,32400]]
,[[0,4223],[4,1],[0,28176]]
,[[0,2025],[4,1],[0,1821],[4,1],[0,16272],[4,1],[0,7410],[4,2],[0,178],[4,2],[0,721],[4,1],[0,3965]]
,[[0,7],[3,3],[4,5],[3,2],[4,103],[3,15],[4,45],[0,7],[3,3],[4,6],[3,1],[4,104],[3,13],[4,46],[0,6],[3,4],[4,85],[3,1],[4,26],[3,11],[4,47],[0,5],[3,2],[4,87],[3,2],[4,27],[3,10],[4,49],[0,3],[3,2],[4,61],[3,3],[4,21],[3,4],[4,28],[3,8],[4,116],[3,5],[4,17],[3,6],[4,28],[3,8],[4,117],[3,6],[4,13],[3,8],[4,154],[3,10],[4,3],[3,14],[4,30],[3,1],[4,1],[3,1],[4,120],[3,9],[4,2],[3,11],[4,1],[3,4],[4,32],[3,1],[4,120],[3,9],[4,1],[3,12],[4,2],[3,4],[4,152],[3,9],[4,1],[3,12],[4,1],[3,6],[4,151],[3,9],[4,1],[3,12],[4,1],[3,7],[4,150],[3,9],[4,1],[3,12],[4,1],[3,7],[4,150],[3,9],[4,1],[3,12],[4,1],[3,7],[4,150],[3,9],[4,1],[3,12],[4,1],[3,7],[4,1],[3,1],[4,148],[3,9],[4,1],[3,12],[4,1],[3,7],[4,150],[3,9],[4,1],[3,12],[4,1],[3,9],[4,5],[3,2],[4,141],[3,9],[4,1],[3,12],[4,1],[3,10],[4,1],[3,2],[4,1],[3,3],[4,139],[3,10],[4,1],[3,12],[4,6],[3,5],[4,1],[3,5],[4,139],[3,11],[4,1],[3,17],[4,2],[3,4],[4,1],[3,5],[4,139],[3,11],[4,1],[3,18],[4,1],[3,4],[4,1],[3,6],[4,136],[3,13],[4,1],[3,11],[4,101],[0,2],[4,51],[3,10],[4,11],[3,4],[4,102],[0,1],[3,2],[4,47],[3,1],[4,1],[3,1],[4,5],[3,5],[4,1],[3,3],[4,1],[3,5],[4,1],[3,4],[4,37],[0,2],[3,1],[4,36],[3,1],[4,25],[3,6],[4,44],[3,1],[4,1],[3,1],[4,6],[3,4],[4,1],[3,3],[4,1],[3,5],[4,8],[3,4],[4,1],[3,1],[0,4],[4,2],[0,4],[4,9],[0,1],[4,12],[0,2],[3,5],[4,3],[3,2],[4,23],[3,1],[4,25],[3,11],[4,39],[3,1],[4,1],[3,1],[4,8],[3,2],[4,1],[3,1],[4,53],[3,1],[0,2],[3,11],[4,21],[3,2],[4,25],[3,12],[4,38],[3,3],[4,7],[3,3],[4,1],[3,3],[4,1],[3,4],[4,8],[3,2],[0,3],[4,1],[0,11],[4,1],[0,4],[4,4],[0,1],[4,11],[3,1],[2,1],[3,1],[4,1],[3,11],[4,19],[3,3],[4,18],[0,5],[3,26],[4,26],[3,2],[4,8],[3,7],[4,1],[3,4],[4,3],[3,4],[4,1],[0,2],[4,1],[0,2],[4,1],[0,1],[4,1],[0,7],[4,1],[0,1],[4,1],[0,4],[4,4],[0,2],[4,11],[3,1],[4,1],[3,12],[4,1],[3,1],[4,16],[3,4],[4,18],[0,6],[3,28],[4,32],[3,3],[0,4],[4,54],[3,3],[4,1],[3,8],[4,2],[3,5],[4,10],[3,6],[4,18],[0,7],[3,27],[4,31],[3,2],[2,1],[0,7],[4,2],[0,2],[4,3],[0,1],[3,2],[0,1],[4,1],[0,3],[4,1],[0,4],[4,1],[0,2],[4,2],[0,4],[4,23],[3,3],[4,1],[3,7],[4,2],[3,22],[4,13],[3,6],[0,6],[2,1],[3,26],[4,32],[0,9],[4,7],[3,2],[0,2],[4,1],[0,2],[3,1],[0,2],[3,1],[0,2],[4,1],[0,1],[4,3],[0,4],[4,25],[3,1],[4,3],[3,1],[4,1],[3,2],[4,2],[3,23],[4,13],[3,6],[0,7],[3,26],[4,33],[0,6],[4,26],[0,1],[4,30],[3,2],[4,1],[3,29],[4,13],[3,6],[0,8],[3,17],[0,1],[3,7],[4,33],[0,2],[4,9],[0,1],[4,3],[0,2],[3,1],[0,1],[4,1],[3,1],[0,1],[4,1],[0,2],[3,1],[4,3],[0,2],[4,1],[0,4],[4,30],[3,29],[4,13],[3,6],[0,9],[3,15],[0,3],[3,3],[0,1],[3,1],[0,1],[4,50],[0,1],[4,2],[3,1],[0,1],[3,1],[4,1],[3,1],[4,1],[3,1],[0,3],[4,2],[0,5],[4,31],[3,27],[4,13],[3,6],[0,12],[3,11],[0,4],[3,3],[0,1],[3,1],[0,1],[4,102],[3,26],[4,13],[3,6],[0,12],[2,2],[3,9],[0,5],[3,5],[4,60],[0,1],[4,1],[0,2],[4,2],[0,4],[4,46],[3,12],[4,13],[3,5],[0,17],[3,7],[0,5],[3,1],[0,1],[3,3],[4,63],[3,1],[4,1],[3,1],[0,2],[3,1],[4,48],[3,8],[4,16],[3,6],[0,21],[2,1],[3,10],[4,120],[3,8],[4,14],[3,6],[0,30],[3,2],[0,2],[4,65],[3,4],[4,1],[0,4],[4,44],[3,6],[4,16],[3,5],[0,35],[4,67],[3,2],[4,1],[3,2],[0,1],[4,46],[3,3],[4,18],[0,3],[2,2],[0,35],[4,120],[3,2],[4,1],[3,2],[4,15],[0,40],[4,67],[3,2],[4,51],[3,6],[4,14],[0,40],[3,1],[4,70],[3,1],[0,1],[4,47],[3,5],[4,15],[0,40],[4,120],[3,5],[4,15],[0,40],[3,1],[0,1],[4,30],[0,3],[4,85],[3,5],[4,15],[0,39],[3,1],[0,1],[4,9],[0,24],[4,86],[3,5],[4,15],[0,40],[3,1],[0,2],[4,3],[0,1],[4,2],[0,25],[3,1],[4,85],[3,5],[4,15],[0,39],[3,1],[0,3],[3,1],[4,1],[0,30],[4,85],[3,5],[4,15],[0,43],[3,1],[0,31],[4,3],[0,2],[4,1],[0,1],[4,78],[3,5],[4,15],[0,42],[3,2],[0,32],[4,1],[0,7],[3,2],[4,74],[3,5],[4,15],[0,37],[3,1],[0,3],[3,1],[0,41],[3,2],[4,75],[3,5],[4,15],[0,40],[3,1],[0,44],[3,1],[4,74],[3,5],[4,15],[0,86],[3,2],[4,71],[3,6],[4,15],[0,87],[3,1],[4,71],[3,6],[4,15],[0,88],[3,1],[4,70],[3,6],[4,15],[0,48],[4,2],[0,39],[3,3],[4,67],[3,7],[4,14],[0,90],[3,2],[4,66],[3,8],[4,14],[0,91],[3,1],[4,66],[3,8],[4,14],[0,86],[3,6],[4,68],[3,3],[4,17],[0,87],[3,5],[4,30],[3,2],[4,56],[0,87],[3,5],[4,29],[3,5],[4,54],[0,90],[3,2],[4,27],[3,9],[4,52],[0,90],[3,3],[4,25],[3,15],[4,1],[3,3],[4,43],[0,92],[3,2],[4,20],[3,23],[4,43],[0,92],[3,2],[4,17],[3,26],[4,43],[0,48],[4,5],[0,14],[4,7],[0,17],[4,1],[3,1],[4,18],[3,26],[4,43],[0,52],[4,3],[0,12],[4,1],[0,5],[4,1],[0,16],[3,1],[4,3],[3,3],[4,12],[3,28],[4,43],[0,54],[4,3],[0,9],[4,2],[0,5],[4,2],[0,15],[3,8],[4,10],[3,28],[4,44],[0,56],[4,3],[0,6],[4,2],[0,7],[4,1],[0,14],[3,14],[4,2],[3,30],[4,45],[0,58],[4,5],[0,2],[4,1],[0,8],[4,1],[0,12],[3,17],[4,1],[3,30],[4,45],[0,62],[4,4],[0,21],[3,17],[4,2],[3,18],[0,1],[3,10],[4,45],[0,64],[4,1],[0,22],[3,18],[4,3],[3,14],[0,1],[3,11],[4,46],[0,64],[4,2],[0,22],[3,19],[4,2],[3,11],[0,2],[3,12],[4,46],[0,65],[4,1],[0,23],[3,19],[4,1],[3,8],[0,5],[3,11],[4,47],[0,65],[4,1],[0,24],[2,1],[3,17],[4,1],[3,6],[2,1],[0,5],[3,11],[4,48],[0,65],[4,2],[0,28],[3,13],[4,2],[3,4],[0,8],[3,9],[4,49],[0,66],[4,1],[0,28],[3,14],[4,1],[3,2],[0,9],[3,10],[4,49],[0,66],[4,1],[0,29],[3,12],[4,2],[0,11],[3,9],[4,50],[0,66],[4,2],[0,34],[2,2],[0,4],[4,1],[0,11],[2,1],[3,9],[4,50],[0,67],[4,1],[0,39],[4,2],[0,11],[2,1],[3,9],[4,50],[0,67],[4,1],[0,38],[4,2],[0,7],[4,2],[0,4],[3,10],[4,49],[0,67],[4,4],[0,35],[4,1],[0,7],[4,2],[0,4],[2,1],[3,10],[4,49],[0,70],[4,2],[0,34],[4,9],[0,5],[2,1],[3,10],[4,49],[0,71],[4,2],[0,35],[4,1],[0,5],[4,2],[0,5],[3,10],[4,49],[0,72],[4,1],[0,35],[4,3],[0,4],[4,1],[0,5],[3,10],[4,49],[0,72],[4,1],[0,37],[4,1],[0,4],[4,1],[0,4],[3,11],[4,49],[0,71],[4,3],[0,36],[4,1],[0,4],[4,2],[0,2],[3,12],[4,49],[0,67],[4,2],[0,2],[4,1],[0,1],[4,1],[0,35],[4,2],[0,5],[4,2],[0,1],[3,11],[4,50],[0,67],[4,1],[0,3],[4,1],[0,1],[4,1],[0,35],[4,1],[0,7],[4,1],[3,12],[4,50],[0,67],[4,5],[0,1],[4,3],[0,33],[4,1],[0,8],[3,12],[4,50],[0,73],[4,1],[0,1],[4,2],[0,6],[4,2],[0,24],[4,1],[0,8],[3,12],[4,50],[0,73],[4,1],[0,2],[4,5],[0,2],[4,1],[0,25],[4,1],[0,7],[3,12],[4,51],[0,73],[4,1],[0,6],[4,4],[0,25],[4,1],[0,7],[3,12],[4,51],[0,73],[4,1],[0,7],[4,1],[0,27],[4,1],[0,7],[3,11],[4,52],[0,73],[4,1],[0,7],[4,1],[0,26],[4,2],[0,7],[3,11],[4,52],[0,73],[4,1],[0,7],[4,1],[0,25],[4,2],[0,8],[3,11],[4,52],[0,73],[4,3],[0,5],[4,1],[0,23],[4,3],[0,9],[3,11],[4,52],[0,75],[4,3],[0,3],[4,2],[0,22],[4,1],[0,10],[2,1],[3,11],[4,52],[0,77],[4,1],[0,4],[4,1],[0,22],[4,1],[0,11],[3,11],[4,52],[0,77],[4,1],[0,4],[4,1],[0,22],[4,1],[0,11],[3,11],[4,52],[0,51],[4,1],[0,25],[4,1],[0,4],[4,1],[0,19],[4,4],[0,11],[3,11],[4,52],[0,51],[4,1],[0,25],[4,1],[0,4],[4,1],[0,18],[4,2],[0,14],[3,11],[4,52],[0,51],[4,1],[0,25],[4,11],[0,13],[4,1],[0,15],[3,3],[4,1],[3,8],[4,51],[0,51],[4,1],[0,26],[4,1],[0,3],[4,2],[0,3],[4,1],[0,13],[4,1],[0,15],[3,1],[4,3],[3,8],[4,51],[0,51],[4,1],[0,26],[4,1],[0,3],[4,1],[0,1],[4,4],[0,13],[4,1],[0,15],[4,2],[3,11],[4,50],[0,51],[4,1],[0,26],[4,1],[0,3],[4,1],[0,1],[4,1],[0,2],[4,15],[0,15],[4,1],[3,13],[4,49],[0,51],[4,1],[0,30],[4,1],[0,1],[4,1],[0,16],[4,1],[0,4],[4,1],[0,3],[4,1],[0,6],[4,1],[3,14],[4,48],[0,51],[4,1],[0,31],[4,2],[0,16],[4,1],[0,4],[4,1],[0,3],[4,1],[0,4],[4,3],[0,1],[3,15],[4,46],[0,51],[4,1],[0,31],[4,1],[0,17],[4,1],[0,2],[4,1],[0,1],[4,1],[0,3],[4,1],[0,3],[4,2],[0,3],[3,15],[4,46],[0,51],[4,1],[0,31],[4,1],[0,17],[4,1],[0,2],[4,1],[0,1],[4,2],[0,2],[4,1],[0,3],[4,1],[0,5],[3,13],[4,47],[0,51],[4,2],[0,30],[4,1],[0,14],[4,7],[0,1],[4,9],[0,6],[3,13],[4,46],[0,52],[4,2],[0,29],[4,1],[0,17],[4,1],[0,2],[4,1],[0,5],[4,1],[0,2],[4,3],[0,6],[3,12],[4,46],[0,53],[4,3],[0,19],[4,4],[0,3],[4,2],[0,17],[4,1],[0,2],[4,1],[0,5],[4,1],[0,3],[4,1],[0,2],[4,1],[0,4],[3,11],[4,47],[0,55],[4,1],[0,19],[4,1],[0,2],[4,5],[0,18],[4,1],[0,2],[4,1],[0,1],[4,12],[0,5],[3,9],[4,48],[0,55],[4,1],[0,19],[4,1],[0,25],[4,1],[0,2],[4,1],[0,1],[4,1],[0,3],[4,1],[0,3],[4,1],[0,10],[3,7],[4,1],[3,1],[4,46],[0,55],[4,1],[0,19],[4,1],[0,25],[4,1],[0,2],[4,1],[0,5],[4,1],[0,15],[3,6],[4,48],[0,55],[4,1],[0,19],[4,1],[0,22],[4,1],[0,1],[4,14],[0,13],[3,5],[4,1],[3,1],[4,46],[0,54],[4,4],[0,17],[4,1],[0,22],[4,1],[0,2],[4,1],[0,2],[4,1],[0,2],[4,1],[0,1],[4,5],[0,15],[3,2],[4,2],[3,1],[4,46],[0,54],[4,1],[0,20],[4,1],[0,22],[4,1],[0,2],[4,1],[0,2],[4,1],[0,2],[4,1],[0,2],[4,4],[0,17],[4,1],[3,2],[4,46],[0,48],[4,9],[0,18],[4,1],[0,22],[4,1],[0,2],[4,1],[0,2],[4,1],[0,1],[4,2],[0,2],[4,1],[0,2],[4,1],[0,16],[4,2],[3,3],[4,45],[0,53],[4,1],[0,2],[4,1],[0,18],[4,1],[0,22],[4,1],[0,2],[4,1],[0,2],[4,1],[0,2],[4,2],[0,1],[4,1],[0,2],[4,1],[0,16],[4,1],[3,4],[4,45],[0,53],[4,1],[0,21],[4,1],[0,22],[4,1],[0,2],[4,1],[0,2],[4,1],[0,2],[4,1],[0,2],[4,2],[0,1],[4,1],[0,16],[4,2],[3,3],[4,45],[0,53],[4,2],[0,20],[4,1],[0,20],[4,10],[0,1],[4,9],[0,15],[4,1],[3,3],[4,45],[0,54],[4,1],[0,20],[4,1],[0,13],[4,2],[0,7],[4,1],[0,2],[4,2],[0,1],[4,1],[0,2],[4,1],[0,2],[4,1],[0,2],[4,1],[0,16],[3,1],[4,1],[3,3],[4,45],[0,54],[4,2],[0,17],[4,3],[0,14],[4,9],[0,2],[4,1],[0,2],[4,1],[2,2],[4,1],[0,2],[4,1],[0,2],[4,1],[0,13],[4,5],[3,3],[4,45],[0,55],[4,2],[0,18],[4,1],[0,22],[4,1],[0,1],[3,1],[4,1],[3,1],[4,2],[3,2],[4,1],[3,2],[4,1],[3,2],[4,1],[0,1],[4,14],[3,2],[4,2],[3,2],[4,45],[0,56],[4,3],[0,15],[4,2],[0,20],[3,1],[0,1],[4,1],[3,2],[4,1],[3,8],[4,1],[3,2],[4,1],[3,1],[4,1],[0,9],[2,1],[3,2],[4,52],[0,58],[4,3],[0,11],[4,3],[0,20],[3,3],[4,1],[3,2],[4,1],[3,8],[4,1],[3,2],[4,1],[3,1],[4,1],[0,10],[4,3],[3,4],[4,1],[3,1],[4,45],[0,60],[4,2],[0,10],[4,1],[0,23],[3,2],[4,4],[3,8],[4,6],[0,10],[4,1],[0,2],[3,4],[4,1],[3,1],[4,45],[0,61],[4,1],[0,8],[4,3],[0,23],[3,5],[4,1],[3,8],[4,1],[3,2],[4,1],[3,1],[0,11],[4,1],[0,4],[3,2],[4,1],[3,1],[4,45],[0,61],[4,4],[0,3],[4,3],[0,1],[4,1],[0,24],[3,4],[4,1],[3,8],[4,2],[3,1],[4,1],[3,2],[0,2],[3,4],[0,4],[4,4],[0,2],[3,1],[4,1],[3,1],[4,45],[0,64],[4,5],[0,3],[4,1],[0,16],[3,1],[0,7],[3,4],[4,1],[3,9],[4,2],[3,3],[2,1],[3,5],[0,6],[3,1],[4,2],[0,1],[3,1],[4,1],[3,1],[4,45],[0,72],[4,1],[0,16],[3,2],[0,7],[3,2],[4,2],[3,10],[4,1],[3,10],[0,5],[3,2],[4,50],[0,72],[4,1],[0,15],[3,4],[0,1],[3,8],[4,1],[3,10],[4,2],[3,6],[4,3],[3,1],[0,7],[3,1],[4,48],[0,72],[4,1],[0,14],[3,6],[0,1],[3,7],[4,1],[3,11],[4,2],[3,3],[4,3],[3,1],[4,1],[3,2],[0,7],[4,48],[0,72],[4,1],[0,13],[3,15],[4,1],[3,12],[4,5],[3,3],[4,1],[3,2],[0,7],[4,48],[0,72],[4,1],[0,13],[3,15],[4,10],[3,11],[4,1],[3,3],[4,54],[0,72],[4,1],[0,12],[3,14],[4,14],[3,9],[4,1],[3,2],[4,2],[0,3],[3,2],[4,48],[0,69],[4,4],[0,12],[3,13],[4,16],[3,8],[4,4],[3,1],[0,3],[3,2],[4,48],[0,72],[4,1],[0,12],[3,12],[4,18],[3,8],[4,2],[3,4],[0,1],[2,1],[3,4],[4,45],[0,51],[4,2],[0,16],[4,4],[0,11],[3,12],[4,20],[3,8],[4,1],[3,4],[0,2],[3,4],[4,45],[0,50],[4,2],[0,17],[4,1],[0,2],[4,1],[0,2],[4,1],[0,8],[3,12],[4,20],[3,8],[4,1],[3,11],[4,44],[0,50],[4,1],[0,18],[4,1],[0,2],[4,1],[0,2],[4,1],[0,8],[3,11],[4,22],[3,7],[4,1],[3,11],[4,44],[0,43],[4,2],[0,5],[4,1],[0,16],[4,11],[0,6],[3,11],[4,26],[3,3],[4,1],[3,9],[4,46],[0,44],[4,1],[0,5],[4,1],[0,16],[4,1],[0,1],[4,1],[0,2],[4,1],[0,2],[4,1],[0,8],[3,11],[4,28],[3,1],[4,2],[3,7],[4,47],[0,44],[4,1],[0,5],[4,1],[0,21],[4,1],[0,2],[4,1],[0,8],[3,11],[4,31],[3,6],[4,48],[0,41],[4,33],[0,1],[4,1],[0,7],[2,1],[3,11],[4,31],[3,5],[4,49],[0,39],[4,3],[0,8],[4,1],[0,21],[4,1],[0,2],[4,1],[0,7],[2,1],[3,11],[4,31],[3,5],[4,49],[0,38],[4,2],[0,10],[4,2],[0,20],[4,1],[0,2],[4,17],[3,3],[4,32],[3,3],[4,50],[0,37],[4,2],[0,12],[4,1],[0,20],[4,1],[0,11],[3,7],[4,3],[3,1],[4,33],[3,2],[4,50],[0,36],[4,2],[0,13],[4,2],[0,19],[4,1],[0,11],[3,9],[4,36],[3,1],[4,21],[3,2],[4,5],[3,2],[4,1],[3,1],[4,18],[0,36],[4,1],[0,7],[4,3],[0,3],[4,3],[0,13],[4,7],[0,11],[3,10],[4,86],[0,36],[4,1],[0,6],[4,2],[0,1],[4,5],[0,1],[4,1],[0,11],[4,3],[0,2],[4,1],[0,14],[3,10],[4,62],[3,4],[4,1],[3,2],[4,1],[3,2],[4,14],[0,35],[4,2],[0,5],[4,2],[0,8],[4,1],[0,10],[4,2],[0,4],[4,2],[0,13],[3,10],[4,62],[3,4],[4,1],[3,2],[4,1],[3,2],[4,14],[0,3],[4,9],[0,22],[4,2],[0,6],[4,1],[0,8],[4,2],[0,10],[4,1],[0,6],[4,1],[0,13],[3,11],[4,61],[3,7],[4,2],[3,1],[4,14],[0,2],[4,2],[0,7],[4,1],[0,22],[4,1],[0,7],[4,1],[0,20],[4,1],[0,6],[4,2],[0,13],[3,7],[4,4],[3,1],[4,59],[3,7],[4,1],[3,1],[4,15],[0,11],[4,1],[0,22],[4,1],[0,7],[4,1],[0,20],[4,1],[0,7],[4,1],[0,13],[3,6],[4,2],[3,2],[4,2],[3,1],[4,58],[3,7],[4,17],[0,11],[4,1],[0,21],[4,2],[0,7],[4,1],[0,20],[4,1],[0,7],[4,1],[0,7],[4,3],[0,3],[3,5],[4,2],[3,4],[4,59],[3,5],[4,2],[3,1],[4,1],[3,1],[4,15],[0,11],[4,1],[0,21],[4,1],[0,8],[4,1],[0,20],[4,1],[0,7],[4,1],[0,6],[4,2],[0,7],[3,4],[4,1],[3,5],[4,58],[3,2],[4,1],[3,2],[4,1],[3,2],[4,1],[3,1],[4,15],[0,11],[4,1],[0,21],[4,1],[0,8],[4,1],[0,20],[4,1],[0,7],[4,1],[0,4],[4,3],[0,7],[3,5],[4,1],[3,6],[4,57],[3,2],[4,1],[3,2],[4,2],[3,1],[4,17],[0,11],[4,1],[0,21],[4,1],[0,8],[4,1],[0,20],[4,1],[0,7],[4,1],[0,2],[4,3],[0,10],[3,4],[4,1],[3,7],[4,56],[3,2],[4,2],[3,1],[4,1],[3,2],[4,17],[0,11],[4,2],[0,17],[4,4],[0,8],[4,6],[0,15],[4,1],[0,7],[4,4],[0,13],[4,5],[3,6],[4,81],[0,12],[4,1],[0,17],[4,1],[0,16],[4,4],[0,12],[4,1],[0,7],[4,2],[0,15],[4,1],[3,3],[4,1],[3,7],[4,55],[3,2],[4,1],[3,2],[4,1],[3,1],[4,18],[0,12],[4,2],[0,15],[4,2],[0,19],[4,1],[0,12],[4,1],[0,5],[4,3],[0,16],[4,1],[3,2],[0,1],[4,3],[3,5],[4,55],[3,2],[4,1],[3,2],[4,1],[3,1],[4,18],[0,13],[4,1],[0,14],[4,2],[0,20],[4,1],[0,12],[4,1],[0,5],[4,1],[0,15],[4,2],[0,1],[4,1],[0,3],[4,1],[0,1],[4,4],[3,3],[4,54],[3,2],[4,1],[3,2],[4,1],[3,2],[4,17],[0,13],[4,2],[0,13],[4,1],[0,21],[4,2],[0,11],[4,1],[0,5],[4,1],[0,15],[4,2],[0,1],[4,1],[0,2],[4,2],[0,2],[3,2],[4,1],[3,3],[4,54],[3,2],[4,2],[3,1],[4,20],[0,14],[4,1],[0,13],[4,1],[0,22],[4,1],[0,11],[4,1],[0,5],[4,1],[0,15],[4,4],[0,1],[4,2],[0,3],[3,2],[4,1],[3,4],[4,53],[3,2],[4,1],[3,2],[4,1],[3,2],[4,17],[0,14],[4,3],[0,11],[4,1],[0,8],[4,4],[0,6],[4,9],[0,7],[4,1],[0,5],[4,2],[0,14],[4,6],[0,4],[3,8],[4,52],[3,2],[4,1],[3,2],[4,1],[3,2],[4,1],[3,1],[4,15],[0,16],[4,1],[0,10],[4,2],[0,7],[4,2],[0,2],[4,2],[0,5],[4,1],[0,7],[4,1],[0,7],[4,1],[0,6],[4,1],[0,14],[4,2],[0,8],[3,2],[4,3],[3,4],[4,48],[3,2],[4,1],[3,2],[4,1],[3,2],[4,1],[3,2],[4,1],[3,2],[4,14],[0,16],[4,1],[0,9],[4,2],[0,8],[4,1],[0,4],[4,7],[0,7],[4,9],[0,6],[4,1],[0,5],[4,4],[0,4],[4,3],[0,8],[3,4],[4,2],[3,2],[4,48],[3,3],[4,1],[3,5],[4,1],[3,2],[4,1],[3,2],[0,1],[3,1],[4,12],[0,16],[4,1],[0,9],[4,1],[0,9],[4,2],[0,24],[4,3],[0,5],[4,1],[0,5],[4,1],[0,2],[4,1],[0,4],[4,1],[0,10],[3,5],[4,51],[3,3],[4,14],[0,1],[4,11],[0,14],[4,13],[0,10],[4,2],[0,23],[4,15],[0,2],[4,2],[0,3],[4,1],[0,9],[3,8],[4,1],[3,1],[4,46],[3,7],[4,1],[3,2],[4,1],[3,2],[4,1],[3,2],[0,2],[4,12],[0,15],[4,2],[0,9],[4,2],[0,10],[4,4],[0,16],[4,5],[0,1],[4,2],[0,2],[4,1],[0,11],[4,2],[0,2],[4,5],[0,4],[3,2],[0,3],[3,4],[4,47],[3,8],[4,1],[3,2],[4,1],[3,1],[4,2],[3,2],[0,2],[4,12],[0,16],[4,1],[0,10],[4,2],[0,12],[4,3],[0,6],[2,3],[0,5],[4,1],[0,5],[4,3],[0,1],[4,1],[0,12],[4,4],[0,3],[4,1],[0,6],[3,8],[4,46],[3,11],[4,1],[3,5],[0,1],[3,2],[4,11],[0,16],[4,1],[0,11],[4,1],[0,12],[4,1],[0,7],[3,7],[4,3],[0,7],[4,1],[0,1],[4,1],[0,15],[4,6],[0,2],[3,10],[4,47],[3,7],[4,5],[3,5],[0,1],[3,13],[0,15],[4,2],[0,11],[4,1],[0,6],[4,7],[0,6],[3,12],[0,6],[4,1],[0,1],[4,1],[0,19],[4,3],[3,11],[4,47],[3,7],[4,1],[3,9],[0,4],[3,10],[0,15],[4,1],[0,2],[4,12],[0,1],[4,5],[0,11],[3,15],[0,6],[4,2],[0,18],[4,1],[3,1],[4,1],[3,10],[4,48],[3,7],[4,2],[3,8],[2,1],[0,4],[3,9],[0,10],[3,2],[0,17],[4,1],[0,17],[3,17],[0,5],[4,2],[0,16],[3,1],[4,1],[3,1],[4,1],[3,10],[4,48],[3,8],[4,2],[3,7],[0,5],[3,9],[0,8],[3,5],[0,6],[3,1],[0,9],[4,2],[0,16],[3,18],[0,5],[4,1],[0,14],[3,3],[4,1],[3,1],[4,1],[3,10],[4,48],[3,9],[4,1],[3,7],[0,6],[3,8],[0,6],[2,1],[3,6],[0,3],[3,5],[0,25],[3,20],[0,18],[3,4],[4,3],[3,10],[4,48],[3,17],[0,8],[3,6]]
,[[0,42],[3,24],[4,31],[3,24],[0,7],[3,13],[4,39],[0,42],[3,25],[4,29],[3,25],[0,7],[3,13],[4,39],[0,43],[3,25],[4,27],[3,25],[0,8],[3,13],[4,38],[3,1],[0,43],[3,26],[4,25],[3,26],[0,7],[2,1],[3,13],[4,38],[3,1],[0,44],[3,27],[4,21],[3,27],[0,9],[3,13],[4,37],[3,2],[0,44],[3,29],[4,17],[3,29],[0,9],[3,13],[4,37],[3,2],[0,45],[3,30],[4,13],[3,30],[0,10],[3,13],[4,36],[3,3],[0,45],[3,73],[0,10],[4,1],[3,12],[4,35],[3,4],[0,46],[3,71],[0,11],[3,14],[4,32],[3,6],[0,46],[3,71],[0,11],[3,14],[4,31],[3,7],[0,47],[3,69],[0,8],[4,1],[0,2],[4,1],[3,15],[4,30],[3,7],[0,48],[3,67],[0,14],[3,14],[4,30],[3,7],[0,49],[3,65],[0,11],[4,1],[0,1],[4,3],[3,14],[4,29],[3,7],[0,49],[3,65],[0,13],[4,3],[3,14],[4,29],[3,7],[0,50],[3,63],[0,14],[4,3],[3,15],[4,27],[3,8],[0,51],[3,61],[0,18],[3,15],[4,27],[3,8],[0,52],[3,59],[0,20],[3,15],[4,25],[3,9],[0,53],[3,57],[0,22],[3,14],[4,25],[3,9],[0,54],[3,55],[0,23],[3,15],[4,23],[3,10],[0,56],[3,51],[0,25],[2,1],[3,15],[4,21],[3,11],[0,57],[3,49],[0,27],[3,17],[4,17],[3,13],[0,58],[3,47],[0,28],[3,19],[4,13],[3,15],[0,60],[3,43],[0,31],[3,46],[0,62],[3,30],[4,1],[3,8],[0,20],[4,1],[0,13],[3,45],[0,64],[3,35],[0,5],[4,1],[0,8],[4,1],[0,2],[4,1],[0,3],[4,7],[0,8],[3,45],[0,66],[3,31],[0,19],[4,1],[0,3],[4,8],[0,8],[3,44],[0,69],[3,21],[4,1],[3,3],[0,21],[4,3],[0,2],[4,10],[0,7],[3,43],[0,72],[3,19],[0,8],[4,1],[0,7],[4,1],[0,7],[4,3],[0,2],[4,11],[0,7],[3,42],[0,81],[2,1],[0,29],[4,3],[0,2],[4,16],[0,7],[3,38],[4,3],[0,95],[4,1],[0,8],[4,1],[0,5],[4,5],[0,2],[4,15],[0,8],[3,35],[4,5],[0,102],[4,1],[0,1],[4,1],[0,5],[4,6],[0,1],[4,16],[0,8],[3,33],[4,6],[0,109],[4,25],[0,9],[3,30],[4,7],[0,94],[4,1],[0,3],[4,3],[0,8],[4,25],[0,10],[3,27],[4,9],[0,102],[4,1],[0,6],[4,25],[0,11],[3,25],[4,10],[0,97],[3,1],[0,11],[4,25],[0,11],[3,25],[4,10],[0,97],[3,1],[0,6],[4,1],[0,4],[4,25],[0,10],[3,25],[4,11],[0,90],[4,1],[0,6],[3,1],[0,3],[4,1],[0,6],[4,27],[0,9],[3,24],[4,12],[0,97],[3,1],[0,11],[4,25],[0,10],[3,23],[4,13],[0,97],[3,1],[0,16],[4,20],[0,10],[3,23],[4,13],[0,94],[4,1],[0,2],[3,2],[0,14],[4,21],[0,9],[3,23],[4,14],[0,97],[4,3],[0,11],[4,23],[0,9],[3,23],[4,14],[0,97],[4,2],[0,10],[4,25],[0,9],[3,23],[4,14],[0,85],[3,4],[0,2],[4,1],[0,3],[4,5],[0,1],[4,2],[3,2],[0,5],[4,1],[0,2],[4,20],[0,10],[3,22],[4,15],[0,85],[3,6],[4,11],[3,6],[0,4],[4,20],[0,11],[3,22],[4,15],[0,85],[3,6],[4,11],[3,3],[0,6],[4,2],[0,1],[4,5],[0,1],[4,12],[0,11],[3,22],[4,15],[0,84],[2,1],[3,6],[4,11],[3,6],[2,1],[0,4],[4,5],[0,1],[4,12],[0,11],[3,23],[4,15],[0,84],[2,1],[3,6],[4,11],[3,6],[2,1],[0,4],[4,5],[0,1],[4,11],[0,9],[3,26],[4,15],[0,85],[3,6],[4,11],[3,6],[0,9],[4,1],[0,1],[4,9],[0,9],[3,28],[4,15],[0,85],[3,6],[4,11],[3,6],[0,8],[4,1],[0,2],[4,8],[0,8],[3,30],[4,15],[0,85],[3,6],[4,11],[3,6],[0,13],[4,1],[0,13],[3,30],[4,15],[0,85],[3,7],[4,9],[3,7],[0,27],[3,30],[4,15],[0,86],[3,7],[4,7],[3,7],[0,28],[3,30],[4,15],[0,86],[3,21],[0,29],[3,29],[4,15],[0,87],[3,19],[0,24],[3,1],[0,6],[3,28],[4,15],[0,88],[3,17],[0,24],[3,3],[0,1],[3,3],[0,2],[3,27],[4,15],[0,89],[3,15],[4,1],[0,23],[3,5],[0,2],[3,2],[0,1],[3,28],[4,14],[0,90],[3,13],[0,25],[3,6],[0,2],[3,12],[4,6],[3,12],[4,14],[0,92],[3,9],[0,26],[3,17],[4,14],[3,8],[4,14],[0,96],[2,1],[0,30],[3,15],[4,18],[3,3],[4,17],[0,126],[3,15],[4,39],[0,126],[3,14],[4,40],[0,126],[3,13],[4,41],[0,125],[3,13],[4,42],[0,125],[3,13],[4,42],[0,125],[3,12],[4,43],[0,125],[3,12],[4,43],[0,125],[3,12],[4,43],[0,125],[3,12],[4,43],[0,124],[2,1],[3,11],[4,44],[0,125],[3,12],[4,43],[0,125],[3,12],[4,43],[0,125],[3,12],[4,43],[0,125],[3,12],[4,43],[0,125],[3,13],[4,42],[0,125],[3,13],[4,42],[0,126],[3,13],[4,41],[0,126],[3,14],[4,40],[0,126],[3,14],[4,40],[0,127],[3,13],[4,40],[0,126],[3,13],[4,41],[0,125],[3,15],[4,40],[0,123],[3,17],[4,40],[0,122],[3,18],[4,40],[0,122],[3,18],[4,40],[0,121],[3,19],[4,40],[0,120],[3,21],[4,39],[0,119],[3,21],[4,40],[0,119],[3,15],[4,46],[0,118],[3,14],[4,48],[0,118],[3,13],[4,49],[0,118],[3,12],[4,50],[0,117],[3,12],[4,51],[0,117],[3,12],[4,51],[0,117],[3,11],[4,52],[0,117],[3,11],[4,52],[0,117],[3,11],[4,52],[0,117],[3,11],[4,52],[0,116],[2,1],[3,11],[4,52],[0,117],[3,11],[4,52],[0,117],[3,11],[4,52],[0,117],[3,11],[4,52],[0,117],[3,11],[4,52],[0,117],[3,12],[4,51],[0,83],[4,1],[0,33],[3,12],[4,51],[0,118],[3,12],[4,50],[0,118],[3,13],[4,49],[0,118],[3,14],[4,48],[0,119],[3,15],[4,46],[0,119],[3,15],[4,46],[0,107],[4,1],[0,12],[3,13],[4,47],[0,113],[4,1],[0,7],[3,13],[4,46],[0,113],[4,1],[0,1],[4,1],[0,6],[3,12],[4,46],[0,117],[4,1],[0,4],[3,12],[4,46],[0,123],[3,11],[4,46],[0,125],[3,9],[4,46],[0,126],[3,8],[4,46],[0,111],[4,3],[0,13],[3,7],[4,46],[0,109],[4,1],[0,1],[4,3],[0,15],[3,5],[4,46],[0,111],[4,3],[0,18],[3,2],[4,46],[0,106],[4,1],[0,28],[4,45],[0,108],[4,1],[0,26],[4,45],[0,111],[4,1],[0,23],[4,45],[0,135],[4,45],[0,102],[4,1],[0,33],[4,44],[0,128],[4,1],[0,7],[4,44],[0,137],[4,43],[0,137],[4,43],[0,137],[4,43],[0,138],[4,42],[0,138],[4,42],[0,139],[4,41],[0,139],[4,41],[0,134],[4,1],[0,5],[4,40],[0,141],[4,39],[0,141],[4,39],[0,142],[4,38],[0,143],[4,37],[0,133],[4,1],[0,10],[4,36],[0,144],[4,36],[0,145],[4,35],[0,146],[4,34],[0,147],[4,33],[0,132],[2,1],[0,15],[4,32],[0,124],[3,17],[0,9],[4,30],[0,67],[4,1],[0,53],[3,23],[0,7],[4,29],[0,119],[3,27],[0,6],[4,28],[0,116],[2,1],[3,31],[2,1],[0,5],[4,26],[0,115],[3,35],[0,5],[4,25],[0,113],[3,39],[0,5],[4,23],[0,112],[3,41],[0,6],[4,21],[0,111],[3,43],[0,8],[4,18],[0,109],[3,45],[4,6],[0,4],[4,16],[0,69],[4,1],[0,38],[3,49],[0,11],[4,12],[0,107],[3,51],[0,9],[4,2],[0,2],[4,2],[0,4],[4,1],[0,109],[3,51],[0,6],[4,1],[0,121],[3,53],[0,9],[4,1],[0,2],[4,1],[0,113],[3,55],[0,124],[3,57],[0,4],[4,1],[0,1],[4,1],[0,116],[3,57],[0,122],[3,58],[4,1],[0,120],[2,1],[3,24],[4,11],[3,20],[4,1],[3,3],[2,1],[0,1],[4,1],[0,7],[4,1],[0,109],[3,23],[4,15],[3,23],[0,109],[4,1],[0,9],[3,21],[4,19],[3,21],[0,118],[3,21],[4,21],[3,21],[0,117],[3,19],[4,25],[3,19],[0,101],[4,1],[0,14],[3,20],[4,25],[3,20],[0,115],[3,19],[4,27],[3,19],[0,115],[3,18],[4,29],[3,18],[0,114],[3,19],[4,29],[3,19],[0,113],[3,18],[4,31],[3,18],[0,113],[3,18],[4,31],[3,18],[0,113],[3,17],[4,33],[3,17],[0,29],[4,1],[0,82],[3,18],[4,33],[3,17],[0,109],[3,21],[4,33],[3,17],[0,106],[3,24],[4,33],[3,17],[0,104],[3,26],[4,33],[3,17],[0,102],[3,28],[4,33],[3,17],[2,1],[0,100],[3,3],[4,1],[3,25],[4,33],[3,17],[0,99],[3,31],[4,33],[3,17],[0,98],[3,32],[4,33],[3,17],[0,14]]
,[[0,42],[3,24],[4,31],[3,24],[0,101],[3,25],[4,29],[3,25],[0,102],[3,25],[4,27],[3,25],[0,103],[3,26],[4,25],[3,26],[0,104],[3,27],[4,21],[3,27],[0,105],[3,29],[4,17],[3,29],[0,58],[3,3],[0,45],[3,30],[4,13],[3,30],[0,55],[3,7],[0,45],[3,73],[0,53],[3,9],[0,46],[3,71],[0,51],[3,12],[0,46],[3,71],[0,49],[3,14],[0,47],[3,69],[0,48],[3,16],[0,48],[3,67],[0,48],[3,17],[0,49],[3,65],[0,47],[3,19],[0,49],[3,65],[0,46],[3,20],[0,50],[3,63],[0,46],[3,21],[0,51],[3,61],[0,45],[3,23],[0,52],[3,59],[0,45],[3,24],[0,53],[3,57],[0,45],[3,25],[0,54],[3,55],[0,45],[3,26],[0,56],[3,51],[0,46],[3,27],[0,57],[3,49],[0,47],[3,27],[0,58],[3,47],[0,47],[3,28],[0,60],[3,43],[0,48],[3,29],[0,62],[3,39],[0,49],[3,30],[0,64],[3,35],[0,51],[3,30],[0,66],[3,31],[0,52],[3,31],[0,69],[3,25],[0,54],[3,32],[0,72],[3,19],[0,57],[3,32],[0,81],[2,1],[0,65],[3,30],[4,3],[0,147],[3,28],[4,5],[0,119],[4,1],[0,26],[3,28],[4,6],[0,146],[3,27],[4,7],[0,146],[3,25],[4,9],[0,102],[4,1],[0,42],[3,25],[4,10],[0,145],[3,25],[4,10],[0,144],[3,25],[4,11],[0,144],[3,24],[4,12],[0,144],[3,23],[4,13],[0,144],[3,23],[4,13],[0,94],[4,1],[0,48],[3,23],[4,14],[0,143],[3,23],[4,14],[0,143],[3,23],[4,14],[0,102],[4,1],[0,40],[3,22],[4,15],[0,143],[3,22],[4,15],[0,143],[3,22],[4,15],[0,143],[3,22],[4,15],[0,143],[3,22],[4,15],[0,143],[3,22],[4,15],[0,142],[2,1],[3,22],[4,15],[0,143],[3,22],[4,15],[0,143],[3,22],[4,15],[0,143],[3,22],[4,15],[0,143],[3,22],[4,15],[0,143],[3,22],[4,15],[0,143],[3,22],[4,15],[0,143],[3,23],[4,14],[0,143],[3,23],[4,14],[0,142],[3,24],[4,14],[0,140],[3,27],[4,13],[0,139],[3,28],[4,13],[0,138],[3,30],[4,12],[0,137],[3,20],[4,1],[3,11],[4,11],[0,136],[3,16],[4,11],[3,7],[4,10],[0,135],[3,14],[4,17],[3,4],[4,10],[0,134],[3,14],[4,19],[3,4],[4,9],[0,134],[3,12],[4,23],[3,4],[4,7],[0,133],[3,12],[4,35],[0,132],[3,12],[4,36],[0,132],[3,11],[4,37],[0,131],[2,1],[3,11],[4,37],[0,131],[3,11],[4,38],[0,131],[3,10],[4,39],[0,130],[3,11],[4,39],[0,130],[3,11],[4,39],[0,130],[3,10],[4,40],[0,130],[3,10],[4,40],[0,130],[3,10],[4,40],[0,129],[3,11],[4,40],[0,127],[3,13],[4,40],[0,126],[3,13],[4,41],[0,125],[3,15],[4,40],[0,123],[3,17],[4,40],[0,122],[3,18],[4,40],[0,122],[3,18],[4,40],[0,121],[3,19],[4,40],[0,120],[3,21],[4,39],[0,119],[3,21],[4,40],[0,119],[3,15],[4,46],[0,118],[3,14],[4,48],[0,118],[3,13],[4,49],[0,118],[3,12],[4,50],[0,117],[3,12],[4,51],[0,117],[3,12],[4,51],[0,117],[3,11],[4,52],[0,117],[3,11],[4,52],[0,117],[3,11],[4,52],[0,117],[3,11],[4,52],[0,116],[2,1],[3,11],[4,52],[0,117],[3,11],[4,52],[0,117],[3,11],[4,52],[0,117],[3,11],[4,52],[0,117],[3,11],[4,52],[0,117],[3,12],[4,51],[0,83],[4,1],[0,33],[3,12],[4,51],[0,118],[3,12],[4,50],[0,118],[3,13],[4,49],[0,118],[3,14],[4,48],[0,119],[3,15],[4,46],[0,119],[3,15],[4,46],[0,120],[3,13],[4,47],[0,121],[3,13],[4,46],[0,122],[3,12],[4,46],[0,122],[3,12],[4,46],[0,123],[3,11],[4,46],[0,125],[3,9],[4,46],[0,126],[3,8],[4,46],[0,111],[4,3],[0,13],[3,7],[4,46],[0,111],[4,3],[0,15],[3,5],[4,46],[0,111],[4,3],[0,18],[3,2],[4,46],[0,135],[4,45],[0,108],[4,1],[0,26],[4,45],[0,135],[4,45],[0,135],[4,45],[0,136],[4,44],[0,136],[4,44],[0,137],[4,43],[0,137],[4,43],[0,137],[4,43],[0,138],[4,42],[0,138],[4,42],[0,139],[4,41],[0,139],[4,41],[0,140],[4,40],[0,141],[4,39],[0,141],[4,39],[0,142],[4,38],[0,143],[4,37],[0,144],[4,36],[0,144],[4,36],[0,145],[4,35],[0,146],[4,34],[0,147],[4,33],[0,132],[2,1],[0,15],[4,32],[0,124],[3,17],[0,9],[4,30],[0,121],[3,23],[0,7],[4,29],[0,119],[3,27],[0,6],[4,28],[0,116],[2,1],[3,31],[2,1],[0,5],[4,26],[0,115],[3,35],[0,5],[4,25],[0,113],[3,39],[0,5],[4,23],[0,112],[3,41],[0,6],[4,21],[0,111],[3,43],[0,8],[4,18],[0,109],[3,47],[0,8],[4,16],[0,108],[3,49],[0,11],[4,12],[0,107],[3,51],[0,9],[4,1],[0,3],[4,2],[0,4],[4,1],[0,109],[3,51],[0,128],[3,53],[0,126],[3,55],[0,124],[3,57],[0,123],[3,57],[0,122],[3,59],[0,120],[2,1],[3,24],[4,11],[3,24],[2,1],[0,119],[3,23],[4,15],[3,23],[0,119],[3,21],[4,19],[3,21],[0,118],[3,21],[4,21],[3,21],[0,117],[3,19],[4,25],[3,19],[0,116],[3,20],[4,25],[3,20],[0,115],[3,19],[4,27],[3,19],[0,115],[3,18],[4,29],[3,18],[0,114],[3,19],[4,29],[3,19],[0,113],[3,18],[4,31],[3,18],[0,113],[3,18],[4,31],[3,18],[0,113],[3,17],[4,33],[3,17],[0,112],[3,18],[4,33],[3,17],[0,109],[3,21],[4,33],[3,17],[0,106],[3,24],[4,33],[3,17],[0,104],[3,26],[4,33],[3,17],[0,102],[3,28],[4,33],[3,17],[2,1],[0,100],[3,29],[4,33],[3,17],[0,99],[3,31],[4,33],[3,17],[0,98],[3,32],[4,33],[3,17],[0,14]]
,[[0,42],[3,24],[4,31],[3,24],[0,101],[3,25],[4,29],[3,25],[0,102],[3,25],[4,27],[3,25],[0,103],[3,26],[4,25],[3,26],[0,104],[3,27],[4,21],[3,27],[0,105],[3,29],[4,17],[3,29],[0,58],[3,3],[0,45],[3,30],[4,13],[3,30],[0,55],[3,7],[0,45],[3,73],[0,53],[3,9],[0,46],[3,71],[0,51],[3,12],[0,46],[3,71],[0,49],[3,14],[0,47],[3,69],[0,48],[3,16],[0,48],[3,67],[0,48],[3,17],[0,49],[3,65],[0,47],[3,19],[0,49],[3,65],[0,46],[3,20],[0,50],[3,63],[0,46],[3,21],[0,51],[3,61],[0,45],[3,23],[0,52],[3,59],[0,45],[3,24],[0,53],[3,57],[0,45],[3,25],[0,54],[3,55],[0,45],[3,26],[0,56],[3,51],[0,46],[3,27],[0,57],[3,49],[0,47],[3,27],[0,58],[3,47],[0,47],[3,28],[0,60],[3,43],[0,48],[3,29],[0,62],[3,39],[0,49],[3,30],[0,64],[3,35],[0,51],[3,30],[0,66],[3,31],[0,52],[3,31],[0,69],[3,25],[0,54],[3,32],[0,72],[3,19],[0,57],[3,32],[0,81],[2,1],[0,65],[3,30],[4,3],[0,147],[3,28],[4,5],[0,146],[3,28],[4,6],[0,146],[3,27],[4,7],[0,146],[3,25],[4,9],[0,145],[3,25],[4,10],[0,145],[3,25],[4,10],[0,144],[3,25],[4,11],[0,144],[3,24],[4,12],[0,144],[3,23],[4,13],[0,144],[3,23],[4,13],[0,143],[3,23],[4,14],[0,143],[3,23],[4,14],[0,143],[3,23],[4,14],[0,143],[3,22],[4,15],[0,143],[3,22],[4,15],[0,143],[3,22],[4,15],[0,143],[3,22],[4,15],[0,143],[3,22],[4,15],[0,143],[3,22],[4,15],[0,142],[2,1],[3,22],[4,15],[0,143],[3,22],[4,15],[0,143],[3,22],[4,15],[0,143],[3,22],[4,15],[0,143],[3,22],[4,15],[0,143],[3,22],[4,15],[0,143],[3,22],[4,15],[0,143],[3,23],[4,14],[0,143],[3,23],[4,14],[0,143],[3,23],[4,14],[0,144],[3,23],[4,13],[0,144],[3,23],[4,13],[0,144],[3,24],[4,12],[0,144],[3,13],[4,1],[3,11],[4,11],[0,145],[3,7],[4,11],[3,7],[4,10],[0,145],[3,4],[4,17],[3,4],[4,10],[0,146],[3,2],[4,19],[3,4],[4,9],[0,146],[4,23],[3,4],[4,7],[0,145],[4,35],[0,144],[4,36],[0,143],[4,37],[0,143],[4,37],[0,142],[4,38],[0,141],[4,39],[0,141],[4,39],[0,141],[4,39],[0,140],[4,40],[0,138],[2,1],[0,1],[4,40],[0,132],[3,8],[4,40],[0,129],[3,11],[4,40],[0,127],[3,13],[4,40],[0,126],[3,13],[4,41],[0,125],[3,15],[4,40],[0,123],[3,17],[4,40],[0,122],[3,18],[4,40],[0,122],[3,18],[4,40],[0,121],[3,19],[4,40],[0,120],[3,21],[4,39],[0,119],[3,21],[4,40],[0,119],[3,15],[4,46],[0,118],[3,14],[4,48],[0,118],[3,13],[4,49],[0,118],[3,12],[4,50],[0,117],[3,12],[4,51],[0,117],[3,12],[4,51],[0,117],[3,11],[4,52],[0,117],[3,11],[4,52],[0,117],[3,11],[4,52],[0,117],[3,11],[4,52],[0,116],[2,1],[3,11],[4,52],[0,117],[3,11],[4,52],[0,117],[3,11],[4,52],[0,117],[3,11],[4,52],[0,117],[3,11],[4,52],[0,117],[3,12],[4,51],[0,117],[3,12],[4,51],[0,118],[3,12],[4,50],[0,118],[3,13],[4,49],[0,118],[3,14],[4,48],[0,119],[3,15],[4,46],[0,119],[3,15],[4,46],[0,120],[3,13],[4,47],[0,121],[3,13],[4,46],[0,122],[3,12],[4,46],[0,122],[3,12],[4,46],[0,123],[3,11],[4,46],[0,125],[3,9],[4,46],[0,126],[3,8],[4,46],[0,127],[3,7],[4,46],[0,129],[3,5],[4,46],[0,132],[3,2],[4,46],[0,135],[4,45],[0,135],[4,45],[0,135],[4,45],[0,135],[4,45],[0,136],[4,44],[0,136],[4,44],[0,137],[4,43],[0,137],[4,43],[0,137],[4,43],[0,138],[4,42],[0,138],[4,42],[0,139],[4,41],[0,139],[4,41],[0,140],[4,40],[0,141],[4,39],[0,141],[4,39],[0,142],[4,38],[0,143],[4,37],[0,144],[4,36],[0,144],[4,36],[0,145],[4,35],[0,146],[4,34],[0,147],[4,33],[0,132],[2,1],[0,15],[4,32],[0,124],[3,17],[0,9],[4,30],[0,121],[3,23],[0,7],[4,29],[0,119],[3,27],[0,6],[4,28],[0,116],[2,1],[3,31],[2,1],[0,5],[4,26],[0,115],[3,35],[0,5],[4,25],[0,113],[3,39],[0,5],[4,23],[0,112],[3,41],[0,6],[4,21],[0,111],[3,43],[0,8],[4,18],[0,109],[3,47],[0,8],[4,16],[0,108],[3,49],[0,11],[4,12],[0,107],[3,51],[0,19],[4,1],[0,109],[3,51],[0,128],[3,53],[0,126],[3,55],[0,124],[3,57],[0,123],[3,57],[0,122],[3,59],[0,120],[2,1],[3,24],[4,11],[3,24],[2,1],[0,119],[3,23],[4,15],[3,23],[0,119],[3,21],[4,19],[3,21],[0,118],[3,21],[4,21],[3,21],[0,117],[3,19],[4,25],[3,19],[0,116],[3,20],[4,25],[3,20],[0,115],[3,19],[4,27],[3,19],[0,115],[3,18],[4,29],[3,18],[0,114],[3,19],[4,29],[3,19],[0,113],[3,18],[4,31],[3,18],[0,113],[3,18],[4,31],[3,18],[0,113],[3,17],[4,33],[3,17],[0,112],[3,18],[4,33],[3,17],[0,109],[3,21],[4,33],[3,17],[0,106],[3,24],[4,33],[3,17],[0,104],[3,26],[4,33],[3,17],[0,102],[3,28],[4,33],[3,17],[2,1],[0,100],[3,29],[4,33],[3,17],[0,99],[3,31],[4,33],[3,17],[0,98],[3,32],[4,33],[3,17],[0,14]]
,[[0,42],[3,24],[4,31],[3,24],[0,101],[3,25],[4,29],[3,25],[0,102],[3,25],[4,27],[3,25],[0,103],[3,26],[4,25],[3,26],[0,104],[3,27],[4,21],[3,27],[0,105],[3,29],[4,17],[3,29],[0,58],[3,3],[0,45],[3,30],[4,13],[3,30],[0,55],[3,7],[0,45],[3,73],[0,53],[3,9],[0,46],[3,71],[0,51],[3,12],[0,46],[3,71],[0,49],[3,14],[0,47],[3,69],[0,48],[3,16],[0,48],[3,67],[0,48],[3,17],[0,49],[3,65],[0,47],[3,19],[0,49],[3,65],[0,46],[3,20],[0,50],[3,63],[0,46],[3,21],[0,51],[3,61],[0,45],[3,23],[0,52],[3,59],[0,45],[3,24],[0,53],[3,57],[0,45],[3,25],[0,54],[3,55],[0,45],[3,26],[0,56],[3,51],[0,46],[3,27],[0,57],[3,49],[0,47],[3,27],[0,58],[3,47],[0,47],[3,28],[0,60],[3,43],[0,48],[3,29],[0,62],[3,39],[0,49],[3,30],[0,64],[3,35],[0,51],[3,30],[0,66],[3,31],[0,52],[3,31],[0,69],[3,25],[0,54],[3,32],[0,72],[3,19],[0,57],[3,32],[0,81],[2,1],[0,65],[3,30],[4,3],[0,147],[3,28],[4,5],[0,146],[3,28],[4,6],[0,146],[3,27],[4,7],[0,146],[3,25],[4,9],[0,145],[3,25],[4,10],[0,145],[3,25],[4,10],[0,144],[3,25],[4,11],[0,144],[3,24],[4,12],[0,144],[3,23],[4,13],[0,144],[3,23],[4,13],[0,143],[3,23],[4,14],[0,143],[3,23],[4,14],[0,143],[3,23],[4,14],[0,143],[3,22],[4,15],[0,143],[3,22],[4,15],[0,143],[3,22],[4,15],[0,143],[3,22],[4,15],[0,143],[3,22],[4,15],[0,143],[3,22],[4,15],[0,142],[2,1],[3,22],[4,15],[0,143],[3,22],[4,15],[0,143],[3,22],[4,15],[0,143],[3,22],[4,15],[0,143],[3,22],[4,15],[0,143],[3,22],[4,15],[0,143],[3,22],[4,15],[0,143],[3,23],[4,14],[0,143],[3,23],[4,14],[0,143],[3,23],[4,14],[0,144],[3,23],[4,13],[0,144],[3,23],[4,13],[0,144],[3,24],[4,12],[0,144],[3,13],[4,1],[3,11],[4,11],[0,145],[3,7],[4,11],[3,7],[4,10],[0,145],[3,4],[4,17],[3,4],[4,10],[0,146],[3,2],[4,19],[3,4],[4,9],[0,146],[4,23],[3,4],[4,7],[0,145],[4,35],[0,144],[4,36],[0,143],[4,37],[0,143],[4,37],[0,142],[4,38],[0,141],[4,39],[0,141],[4,39],[0,141],[4,39],[0,140],[4,40],[0,138],[2,1],[0,1],[4,40],[0,132],[3,8],[4,40],[0,129],[3,11],[4,40],[0,127],[3,13],[4,40],[0,126],[3,13],[4,41],[0,125],[3,15],[4,40],[0,123],[3,17],[4,40],[0,122],[3,18],[4,40],[0,122],[3,18],[4,40],[0,121],[3,19],[4,40],[0,120],[3,21],[4,39],[0,119],[3,21],[4,40],[0,119],[3,15],[4,46],[0,118],[3,14],[4,48],[0,118],[3,13],[4,49],[0,118],[3,12],[4,50],[0,117],[3,12],[4,51],[0,117],[3,12],[4,51],[0,117],[3,11],[4,52],[0,117],[3,11],[4,52],[0,117],[3,11],[4,52],[0,117],[3,11],[4,52],[0,116],[2,1],[3,11],[4,52],[0,117],[3,11],[4,52],[0,117],[3,11],[4,52],[0,117],[3,11],[4,52],[0,117],[3,11],[4,52],[0,117],[3,12],[4,51],[0,117],[3,12],[4,51],[0,118],[3,12],[4,50],[0,118],[3,13],[4,49],[0,118],[3,14],[4,48],[0,119],[3,15],[4,46],[0,119],[3,15],[4,46],[0,120],[3,13],[4,47],[0,121],[3,13],[4,46],[0,122],[3,12],[4,46],[0,122],[3,12],[4,46],[0,123],[3,11],[4,46],[0,125],[3,9],[4,46],[0,126],[3,8],[4,46],[0,127],[3,7],[4,46],[0,129],[3,5],[4,46],[0,132],[3,2],[4,46],[0,135],[4,45],[0,135],[4,45],[0,135],[4,45],[0,135],[4,45],[0,136],[4,44],[0,136],[4,44],[0,137],[4,43],[0,137],[4,43],[0,137],[4,43],[0,138],[4,42],[0,138],[4,42],[0,139],[4,41],[0,139],[4,41],[0,140],[4,40],[0,141],[4,39],[0,141],[4,39],[0,142],[4,38],[0,143],[4,37],[0,144],[4,36],[0,144],[4,36],[0,145],[4,35],[0,146],[4,34],[0,147],[4,33],[0,148],[4,32],[0,150],[4,30],[0,151],[4,29],[0,152],[4,28],[0,154],[4,26],[0,155],[4,25],[0,157],[4,23],[0,159],[4,21],[0,162],[4,18],[0,164],[4,16],[0,168],[4,12],[0,177],[4,1],[0,3168],[2,1],[0,171],[3,17],[0,160],[3,23],[0,154],[3,29],[0,149],[3,33],[0,145],[3,37],[0,142],[3,39],[0,139],[3,43],[0,136],[3,45],[0,51]]
,[[0,42],[3,24],[4,31],[3,24],[0,101],[3,25],[4,29],[3,25],[0,102],[3,25],[4,27],[3,25],[0,103],[3,26],[4,25],[3,26],[0,104],[3,27],[4,21],[3,27],[0,105],[3,29],[4,17],[3,29],[0,58],[3,3],[0,45],[3,30],[4,13],[3,30],[0,55],[3,7],[0,45],[3,73],[0,53],[3,9],[0,46],[3,71],[0,51],[3,12],[0,46],[3,71],[0,49],[3,14],[0,47],[3,69],[0,48],[3,16],[0,48],[3,67],[0,48],[3,17],[0,49],[3,65],[0,47],[3,19],[0,49],[3,65],[0,46],[3,20],[0,50],[3,63],[0,46],[3,21],[0,51],[3,61],[0,45],[3,23],[0,52],[3,59],[0,45],[3,24],[0,53],[3,57],[0,45],[3,25],[0,54],[3,55],[0,45],[3,26],[0,56],[3,51],[0,46],[3,27],[0,57],[3,49],[0,47],[3,27],[0,58],[3,47],[0,47],[3,28],[0,60],[3,43],[0,48],[3,29],[0,62],[3,39],[0,49],[3,30],[0,64],[3,35],[0,51],[3,30],[0,66],[3,31],[0,52],[3,31],[0,69],[3,25],[0,54],[3,32],[0,72],[3,19],[0,57],[3,32],[0,81],[2,1],[0,65],[3,30],[4,3],[0,147],[3,28],[4,5],[0,146],[3,28],[4,6],[0,146],[3,27],[4,7],[0,146],[3,25],[4,9],[0,145],[3,25],[4,10],[0,145],[3,25],[4,10],[0,144],[3,25],[4,11],[0,144],[3,24],[4,12],[0,144],[3,23],[4,13],[0,144],[3,23],[4,13],[0,143],[3,23],[4,14],[0,143],[3,23],[4,14],[0,143],[3,23],[4,14],[0,143],[3,22],[4,15],[0,143],[3,22],[4,15],[0,143],[3,22],[4,15],[0,143],[3,22],[4,15],[0,143],[3,22],[4,15],[0,143],[3,22],[4,15],[0,142],[2,1],[3,22],[4,15],[0,143],[3,22],[4,15],[0,143],[3,22],[4,15],[0,143],[3,22],[4,15],[0,143],[3,22],[4,15],[0,143],[3,22],[4,15],[0,143],[3,22],[4,15],[0,143],[3,23],[4,14],[0,143],[3,23],[4,14],[0,143],[3,23],[4,14],[0,144],[3,23],[4,13],[0,144],[3,23],[4,13],[0,144],[3,24],[4,12],[0,144],[3,25],[4,11],[0,145],[3,25],[4,10],[0,145],[3,25],[4,10],[0,146],[3,25],[4,9],[0,146],[3,27],[4,7],[0,146],[3,22],[4,12],[0,147],[3,17],[4,16],[0,147],[3,15],[4,18],[0,148],[3,11],[4,21],[0,148],[3,9],[4,23],[0,149],[3,6],[4,25],[0,150],[3,4],[4,26],[0,150],[3,2],[4,28],[0,151],[4,29],[0,138],[2,1],[0,11],[4,30],[0,132],[3,13],[0,3],[4,32],[0,129],[3,18],[4,33],[0,127],[3,19],[4,34],[0,126],[3,19],[4,35],[0,125],[3,19],[4,36],[0,123],[3,21],[4,36],[0,122],[3,21],[4,37],[0,122],[3,20],[4,38],[0,121],[3,20],[4,39],[0,120],[3,21],[4,39],[0,119],[3,21],[4,40],[0,119],[3,15],[4,46],[0,118],[3,14],[4,48],[0,118],[3,13],[4,49],[0,118],[3,12],[4,50],[0,117],[3,12],[4,51],[0,117],[3,12],[4,51],[0,117],[3,11],[4,52],[0,117],[3,11],[4,52],[0,117],[3,11],[4,52],[0,117],[3,11],[4,52],[0,116],[2,1],[3,11],[4,52],[0,117],[3,11],[4,52],[0,117],[3,11],[4,52],[0,117],[3,11],[4,52],[0,117],[3,11],[4,52],[0,117],[3,12],[4,51],[0,117],[3,12],[4,51],[0,118],[3,12],[4,50],[0,118],[3,13],[4,49],[0,118],[3,14],[4,48],[0,119],[3,15],[4,46],[0,119],[3,15],[4,46],[0,120],[3,13],[4,47],[0,121],[3,13],[4,46],[0,122],[3,12],[4,46],[0,122],[3,12],[4,46],[0,123],[3,11],[4,46],[0,125],[3,9],[4,46],[0,126],[3,8],[4,46],[0,127],[3,7],[4,46],[0,129],[3,5],[4,46],[0,132],[3,2],[4,46],[0,135],[4,45],[0,135],[4,45],[0,135],[4,45],[0,135],[4,45],[0,136],[4,44],[0,136],[4,44],[0,137],[4,43],[0,137],[4,43],[0,137],[4,43],[0,138],[4,42],[0,138],[4,42],[0,139],[4,41],[0,139],[4,41],[0,140],[4,40],[0,141],[4,39],[0,141],[4,39],[0,142],[4,38],[0,143],[4,37],[0,144],[4,36],[0,144],[4,36],[0,145],[4,35],[0,146],[4,34],[0,147],[4,33],[0,148],[4,32],[0,150],[4,30],[0,151],[4,29],[0,152],[4,28],[0,154],[4,26],[0,155],[4,25],[0,157],[4,23],[0,159],[4,21],[0,162],[4,18],[0,164],[4,16],[0,168],[4,12],[0,177],[4,1],[0,4682]]
,[[0,42],[3,24],[4,31],[3,24],[0,101],[3,25],[4,29],[3,25],[0,102],[3,25],[4,27],[3,25],[0,103],[3,26],[4,25],[3,26],[0,104],[3,27],[4,21],[3,27],[0,105],[3,29],[4,17],[3,29],[0,58],[3,3],[0,45],[3,30],[4,13],[3,30],[0,55],[3,7],[0,45],[3,73],[0,53],[3,9],[0,46],[3,71],[0,51],[3,12],[0,46],[3,71],[0,49],[3,14],[0,47],[3,69],[0,48],[3,16],[0,48],[3,67],[0,48],[3,17],[0,49],[3,65],[0,47],[3,19],[0,49],[3,65],[0,46],[3,20],[0,50],[3,63],[0,46],[3,21],[0,51],[3,61],[0,45],[3,23],[0,52],[3,59],[0,45],[3,24],[0,53],[3,57],[0,45],[3,25],[0,54],[3,55],[0,45],[3,26],[0,56],[3,51],[0,46],[3,27],[0,57],[3,49],[0,47],[3,27],[0,58],[3,47],[0,47],[3,28],[0,60],[3,43],[0,48],[3,29],[0,62],[3,39],[0,49],[3,30],[0,64],[3,35],[0,51],[3,30],[0,66],[3,31],[0,52],[3,31],[0,69],[3,25],[0,54],[3,32],[0,72],[3,19],[0,57],[3,32],[0,81],[2,1],[0,65],[3,30],[4,3],[0,147],[3,28],[4,5],[0,146],[3,28],[4,6],[0,146],[3,27],[4,7],[0,146],[3,25],[4,9],[0,145],[3,25],[4,10],[0,145],[3,25],[4,10],[0,144],[3,25],[4,11],[0,144],[3,24],[4,12],[0,144],[3,23],[4,13],[0,144],[3,23],[4,13],[0,143],[3,23],[4,14],[0,143],[3,23],[4,14],[0,143],[3,23],[4,14],[0,143],[3,22],[4,15],[0,143],[3,22],[4,15],[0,143],[3,22],[4,15],[0,143],[3,22],[4,15],[0,143],[3,22],[4,15],[0,143],[3,22],[4,15],[0,142],[2,1],[3,22],[4,15],[0,143],[3,22],[4,15],[0,143],[3,22],[4,15],[0,143],[3,22],[4,15],[0,143],[3,22],[4,15],[0,143],[3,22],[4,15],[0,143],[3,22],[4,15],[0,143],[3,23],[4,14],[0,143],[3,23],[4,14],[0,143],[3,23],[4,14],[0,144],[3,23],[4,13],[0,144],[3,23],[4,13],[0,144],[3,24],[4,12],[0,144],[3,25],[4,11],[0,145],[3,25],[4,10],[0,145],[3,25],[4,10],[0,146],[3,25],[4,9],[0,146],[3,27],[4,7],[0,146],[3,22],[4,12],[0,147],[3,17],[4,16],[0,147],[3,15],[4,18],[0,148],[3,11],[4,21],[0,148],[3,9],[4,23],[0,149],[3,6],[4,25],[0,150],[3,4],[4,26],[0,150],[3,2],[4,28],[0,151],[4,29],[0,138],[2,1],[0,11],[4,30],[0,132],[3,13],[0,3],[4,32],[0,129],[3,18],[4,33],[0,127],[3,19],[4,34],[0,126],[3,19],[4,35],[0,125],[3,19],[4,36],[0,123],[3,21],[4,36],[0,122],[3,21],[4,37],[0,122],[3,20],[4,38],[0,121],[3,20],[4,39],[0,120],[3,21],[4,39],[0,119],[3,21],[4,40],[0,119],[3,15],[4,46],[0,118],[3,14],[4,48],[0,118],[3,13],[4,49],[0,118],[3,12],[4,50],[0,117],[3,12],[4,51],[0,117],[3,12],[4,51],[0,117],[3,11],[4,52],[0,117],[3,11],[4,52],[0,117],[3,11],[4,52],[0,117],[3,11],[4,52],[0,116],[2,1],[3,11],[4,52],[0,117],[3,11],[4,52],[0,117],[3,11],[4,52],[0,117],[3,11],[4,52],[0,117],[3,11],[4,52],[0,117],[3,12],[4,51],[0,117],[3,12],[4,51],[0,118],[3,12],[4,50],[0,118],[3,13],[4,49],[0,118],[3,14],[4,48],[0,119],[3,15],[4,46],[0,119],[3,15],[4,46],[0,120],[3,13],[4,47],[0,121],[3,13],[4,46],[0,122],[3,12],[4,46],[0,122],[3,12],[4,46],[0,123],[3,11],[4,46],[0,125],[3,9],[4,46],[0,126],[3,8],[4,46],[0,127],[3,7],[4,46],[0,129],[3,5],[4,46],[0,132],[3,2],[4,46],[0,135],[4,45],[0,135],[4,45],[0,135],[4,45],[0,135],[4,45],[0,136],[4,44],[0,136],[4,44],[0,137],[4,43],[0,137],[4,43],[0,137],[4,43],[0,138],[4,42],[0,138],[4,42],[0,139],[4,41],[0,139],[4,41],[0,140],[4,40],[0,141],[4,39],[0,141],[4,39],[0,142],[4,38],[0,143],[4,37],[0,144],[4,36],[0,144],[4,36],[0,145],[4,35],[0,146],[4,34],[0,147],[4,33],[0,148],[4,32],[0,150],[4,30],[0,151],[4,29],[0,152],[4,28],[0,154],[4,26],[0,155],[4,25],[0,157],[4,23],[0,159],[4,21],[0,162],[4,18],[0,164],[4,16],[0,168],[4,12],[0,177],[4,1],[0,4682]]
,[[0,32400]]
,[[0,32400]]
,[[0,32400]]
,[[0,32400]]
],"explored":[[[false,32400]]
,[[false,32400]]
,[[false,32400]]
,[[false,32400]]
,[[false,32400]]
,[[false,32400]]
,[[false,32400]]
,[[false,32400]]
,[[false,32400]]
,[[false,32400]]
,[[false,32400]]
,[[false,32400]]
,[[false,32400]]
,[[false,32400]]
,[[false,32400]]
,[[false,32400]]
,[[false,32400]]
,[[false,32400]]
,[[false,32400]]
,[[false,32400]]
,[[false,32400]]
],"notes":[[],[],[],[],[],[],[],[],[],[],[[121,30,"smoker",false,0]
,[147,68,"diesel",false,0]
],[],[],[],[],[],[],[],[],[],[]],"extras":[[],[],[],[],[],[],[[147,53,"mx_science"]
,[147,57,"mx_portal"]
],[],[],[],[[130,45,"mx_grass2"]
,[131,45,"mx_grass"]
,[132,48,"mx_point_dead_vegetation"]
,[132,49,"mx_corpses"]
,[133,45,"mx_grass"]
,[134,45,"mx_grass2"]
,[134,48,"mx_grass2"]
,[134,49,"mx_nest_wasp"]
,[135,46,"mx_trees"]
,[135,49,"mx_grass"]
,[136,47,"mx_grass2"]
,[133,41,"mx_grass"]
,[133,40,"mx_trees2"]
,[138,43,"mx_pond"]
,[138,44,"mx_grass2"]
,[133,37,"mx_grass2"]
,[134,37,"mx_grass2"]
,[135,36,"mx_grass"]
,[136,36,"mx_knotweed_patch"]
,[138,36,"mx_grass2"]
,[139,40,"mx_grass2"]
,[140,39,"mx_casings"]
,[140,41,"mx_point_dead_vegetation"]
,[131,37,"mx_fallen_shed"]
,[130,37,"mx_trees2"]
,[129,35,"mx_nest_wasp"]
,[129,36,"mx_grass2"]
,[131,34,"mx_grass2"]
,[132,34,"mx_grass"]
,[128,35,"mx_point_dead_vegetation"]
,[128,36,"mx_grass2"]
,[128,37,"mx_grass"]
,[127,36,"mx_grass"]
,[125,39,"mx_grass"]
,[126,35,"mx_grass2"]
,[124,36,"mx_trees"]
,[123,34,"mx_grass2"]
,[126,34,"mx_grass"]
,[119,34,"mx_grass"]
,[123,30,"mx_grass"]
,[117,30,"mx_science"]
,[123,29,"mx_sand_patch"]
,[125,29,"mx_trees"]
,[122,27,"mx_grass2"]
,[123,27,"mx_grass2"]
,[123,26,"mx_grass"]
,[128,28,"mx_grass"]
,[129,27,"mx_crater"]
,[129,29,"mx_grass"]
,[129,32,"mx_grass2"]
,[128,33,"mx_grass2"]
,[130,29,"mx_grass"]
,[130,31,"mx_grass2"]
,[130,33,"mx_casings"]
,[132,30,"mx_point_dead_vegetation"]
,[133,32,"mx_trees2"]
,[135,34,"mx_point_burned_ground"]
,[136,35,"mx_trees"]
,[141,38,"mx_grass"]
,[139,44,"mx_crater"]
,[142,39,"mx_military"]
,[138,45,"mx_casings"]
,[143,42,"mx_grass"]
,[142,48,"mx_trees2"]
,[147,48,"mx_grove"]
,[146,43,"mx_point_burned_ground"]
,[151,48,"mx_reed"]
,[147,51,"mx_blackberry_patch"]
,[148,53,"mx_reed"]
,[149,53,"mx_reed"]
,[144,50,"mx_point_burned_ground"]
,[147,56,"mx_reed"]
,[143,54,"mx_point_dead_vegetation"]
,[148,59,"mx_reed"]
,[145,60,"mx_grass"]
,[148,60,"mx_reed"]
,[143,61,"mx_grass2"]
,[146,63,"mx_point_burned_ground"]
,[149,63,"mx_point_burned_ground"]
,[148,66,"mx_reed"]
,[148,67,"mx_reed"]
,[148,68,"mx_minefield"]
,[144,69,"mx_reed"]
,[145,69,"mx_reed"]
,[148,69,"mx_reed"]
,[150,70,"mx_reed"]
,[147,71,"mx_reed"]
,[148,71,"mx_reed"]
,[152,66,"mx_reed"]
,[152,71,"mx_grass"]
,[162,71,"mx_spider"]
,[161,78,"mx_point_dead_vegetation"]
,[153,80,"mx_pond_swamp"]
,[153,81,"mx_grass"]
,[152,78,"mx_knotweed_patch"]
,[152,81,"mx_trees2"]
,[158,82,"mx_clay_deposit"]
,[156,84,"mx_grass2"]
,[162,68,"mx_pond_swamp_2"]
,[164,71,"mx_knotweed_patch"]
,[165,72,"mx_point_dead_vegetation"]
,[165,76,"mx_grass2"]
,[167,71,"mx_grass2"]
,[168,74,"mx_grass"]
,[170,75,"mx_grass"]
,[165,78,"mx_grass"]
,[166,78,"mx_grass"]
,[169,78,"mx_grass2"]
,[171,76,"mx_grass2"]
,[172,75,"mx_trees"]
,[172,78,"mx_crater"]
,[173,77,"mx_grass"]
,[173,80,"mx_grass2"]
,[174,79,"mx_grass2"]
,[174,81,"mx_grass2"]
,[168,86,"mx_grass"]
,[171,87,"mx_grass2"]
,[168,88,"mx_fallen_shed"]
,[172,90,"mx_grass"]
,[168,91,"mx_roadworks"]
,[171,93,"mx_point_dead_vegetation"]
,[164,92,"mx_grass2"]
,[163,93,"mx_fallen_shed"]
,[165,94,"mx_trees2"]
,[170,97,"mx_shrubbery"]
,[169,100,"mx_Trapdoor_spider_den"]
,[169,102,"mx_grass"]
,[173,103,"mx_science"]
,[176,98,"mx_pond"]
,[174,104,"mx_grass"]
,[172,106,"mx_pond"]
,[178,104,"mx_trees"]
,[174,110,"mx_grass2"]
,[175,92,"mx_grass2"]
,[178,93,"mx_blackberry_patch"]
,[177,150,"mx_grass2"]
,[177,152,"mx_trees"]
,[177,155,"mx_point_dead_vegetation"]
,[176,155,"mx_grass2"]
,[175,153,"mx_grass"]
,[174,158,"mx_knotweed_patch"]
,[174,154,"mx_grass2"]
,[173,159,"mx_grass2"]
,[175,164,"mx_grass"]
,[169,168,"mx_grass2"]
,[170,168,"mx_casings"]
,[174,169,"mx_grass"]
,[177,168,"mx_grass2"]
,[178,167,"mx_grass"]
,[177,169,"mx_grass2"]
,[174,170,"mx_grass2"]
,[176,170,"mx_grass"]
,[167,169,"mx_blackberry_patch"]
,[170,155,"mx_military"]
,[179,72,"mx_grass2"]
,[178,70,"mx_grass2"]
,[177,66,"mx_grass"]
,[177,68,"mx_grass"]
,[176,67,"mx_grass2"]
,[178,63,"mx_trees"]
,[177,61,"mx_point_burned_ground"]
,[178,60,"mx_sand_patch"]
,[178,59,"mx_grass"]
,[179,58,"mx_grass"]
,[179,54,"mx_grass"]
,[177,52,"mx_grass2"]
,[178,52,"mx_grass"]
,[179,45,"mx_grass2"]
,[177,44,"mx_point_burned_ground"]
,[178,12,"mx_grass2"]
,[178,14,"mx_grass"]
,[177,11,"mx_grass"]
,[177,12,"mx_grass2"]
,[177,17,"mx_knotweed_patch"]
,[179,17,"mx_grass2"]
,[179,18,"mx_grass2"]
,[179,9,"mx_grass"]
,[178,6,"mx_casings"]
,[176,4,"mx_grass"]
,[175,4,"mx_grass2"]
,[175,0,"mx_grass2"]
,[174,0,"mx_grass2"]
,[170,11,"mx_point_burned_ground"]
,[164,8,"mx_pond_swamp_2"]
,[163,10,"mx_knotweed_patch"]
,[158,8,"mx_reed"]
,[156,10,"mx_reed"]
,[155,7,"mx_reed"]
,[155,10,"mx_reed"]
,[152,12,"mx_point_dead_vegetation"]
,[153,12,"mx_fallen_shed"]
,[155,14,"mx_reed"]
,[156,18,"mx_grass2"]
,[153,19,"mx_grass2"]
,[156,19,"mx_fallen_shed"]
,[158,15,"mx_reed"]
,[157,20,"mx_reed"]
,[152,20,"mx_grass"]
,[150,15,"mx_trees2"]
,[148,16,"mx_grass"]
,[147,12,"mx_grass"]
,[146,9,"mx_grass"]
,[144,12,"mx_grass2"]
,[144,10,"mx_grass2"]
,[145,7,"mx_point_burned_ground"]
,[146,7,"mx_grass"]
,[147,7,"mx_grass2"]
,[143,10,"mx_pond"]
,[143,12,"mx_grass"]
,[142,6,"mx_grass"]
,[141,9,"mx_point_burned_ground"]
,[140,9,"mx_grass"]
,[140,10,"mx_point_burned_ground"]
,[146,3,"mx_point_dead_vegetation"]
,[149,2,"mx_knotweed_patch"]
,[153,2,"mx_reed"]
,[150,1,"mx_trees2"]
,[156,4,"mx_reed"]
,[154,0,"mx_reed"]
,[150,0,"mx_grass"]
,[176,46,"mx_grass"]
,[176,48,"mx_trees"]
,[176,49,"mx_trees"]
,[175,50,"mx_grass"]
,[177,50,"mx_grass2"]
,[176,51,"mx_grass"]
,[176,52,"mx_grass"]
,[174,50,"mx_grass"]
,[175,54,"mx_point_burned_ground"]
,[173,53,"mx_grass2"]
,[173,56,"mx_grass"]
,[173,59,"mx_grass"]
,[174,59,"mx_grass2"]
,[174,62,"mx_grass2"]
,[174,63,"mx_trees"]
,[172,63,"mx_grass"]
,[171,63,"mx_grass2"]
,[171,64,"mx_grass"]
,[171,65,"mx_grass2"]
,[171,69,"mx_grass"]
,[173,70,"mx_grass2"]
,[175,70,"mx_point_burned_ground"]
,[170,70,"mx_grass"]
,[169,69,"mx_grass2"]
,[169,71,"mx_grass2"]
,[168,69,"mx_grass"]
,[168,70,"mx_grass"]
,[163,79,"mx_grass2"]
,[164,79,"mx_grass"]
,[179,36,"mx_grass"]
,[176,41,"mx_grass"]
,[173,45,"mx_grass2"]
,[171,48,"mx_grass"]
,[171,52,"mx_grass2"]
,[170,50,"mx_grass"]
,[169,56,"mx_point_burned_ground"]
,[171,58,"mx_grass2"]
,[172,61,"mx_grass2"]
,[167,66,"mx_fallen_shed"]
,[169,66,"mx_grass"]
,[165,69,"mx_collegekids"]
,[167,85,"mx_grass"]
,[165,82,"mx_grass"]
,[143,65,"mx_grass2"]
,[141,69,"mx_grass2"]
,[140,66,"mx_drugdeal"]
,[140,72,"mx_reed"]
,[141,74,"mx_reed"]
,[137,76,"mx_point_dead_vegetation"]
,[141,77,"mx_reed"]
,[138,80,"mx_grass"]
,[141,80,"mx_reed"]
,[139,81,"mx_grass"]
,[137,82,"mx_grass"]
,[142,83,"mx_reed"]
,[138,84,"mx_grass2"]
,[140,84,"mx_grass"]
,[137,85,"mx_casings"]
,[142,85,"mx_reed"]
,[141,89,"mx_reed"]
,[138,92,"mx_point_dead_vegetation"]
,[136,91,"mx_shrubbery"]
,[136,93,"mx_fallen_shed"]
,[140,96,"mx_reed"]
,[141,96,"mx_reed"]
,[143,103,"mx_reed"]
,[139,104,"mx_pond_swamp"]
,[140,105,"mx_pond"]
,[146,104,"mx_reed"]
,[143,108,"mx_grass"]
,[147,104,"mx_reed"]
,[143,111,"mx_grass"]
,[147,111,"mx_point_dead_vegetation"]
,[141,110,"mx_sand_patch"]
,[142,112,"mx_grass2"]
,[140,110,"mx_pond_swamp_2"]
,[142,113,"mx_grass"]
,[141,114,"mx_grass2"]
,[143,114,"mx_point_burned_ground"]
,[137,114,"mx_blackberry_patch"]
,[145,114,"mx_trees"]
,[146,113,"mx_grass"]
,[141,117,"mx_point_burned_ground"]
,[146,123,"mx_grass2"]
,[144,124,"mx_grass"]
,[143,125,"mx_grass"]
,[145,128,"mx_grass2"]
,[144,129,"mx_grass2"]
,[146,129,"mx_grass2"]
,[148,132,"mx_grass"]
,[144,133,"mx_grass2"]
,[145,133,"mx_grass"]
,[150,128,"mx_grass2"]
,[149,134,"mx_grass"]
,[147,138,"mx_sand_patch"]
,[152,135,"mx_pond_forest"]
,[150,140,"mx_point_burned_ground"]
,[145,141,"mx_shrubbery"]
,[153,142,"mx_reed"]
,[153,132,"mx_grass"]
,[151,143,"mx_pond"]
,[144,140,"mx_grass2"]
,[144,142,"mx_clearcut"]
,[146,149,"mx_toxic_waste"]
,[148,152,"mx_spider"]
,[139,150,"mx_pond_swamp_2"]
,[139,152,"mx_shrubbery"]
,[138,151,"mx_knotweed_patch"]
,[143,158,"mx_pond_swamp_2"]
,[141,161,"mx_knotweed_patch"]
,[137,158,"mx_grass"]
,[136,164,"mx_shrubbery"]
,[139,165,"mx_clearcut"]
,[139,167,"mx_casings"]
,[145,159,"mx_grass2"]
,[145,162,"mx_nest_wasp"]
,[146,159,"mx_spider"]
,[144,157,"mx_clay_deposit"]
,[147,158,"mx_reed"]
,[147,162,"mx_reed"]
,[147,163,"mx_reed"]
,[132,159,"mx_point_dead_vegetation"]
,[130,161,"mx_grass"]
,[129,160,"mx_grass2"]
,[129,161,"mx_grass"]
,[128,161,"mx_trees"]
,[127,162,"mx_clay_deposit"]
,[127,164,"mx_point_burned_ground"]
,[133,173,"mx_knotweed_patch"]
,[124,162,"mx_blackberry_patch"]
,[123,166,"mx_point_dead_vegetation"]
,[120,162,"mx_drugdeal"]
,[121,158,"mx_grass2"]
,[119,156,"mx_grass"]
,[117,154,"mx_point_burned_ground"]
,[116,154,"mx_grass2"]
,[115,154,"mx_grass2"]
,[110,154,"mx_casings"]
,[109,159,"mx_grass2"]
,[108,159,"mx_grass2"]
,[111,152,"mx_grass2"]
,[105,151,"mx_grass"]
,[107,151,"mx_point_burned_ground"]
,[109,151,"mx_knotweed_patch"]
,[106,149,"mx_grass"]
,[108,149,"mx_grass2"]
,[107,148,"mx_grass2"]
,[104,150,"mx_grass"]
,[103,148,"mx_grass2"]
,[114,150,"mx_grass"]
,[115,151,"mx_grass2"]
,[112,165,"mx_grass"]
,[111,165,"mx_casings"]
,[110,164,"mx_trees"]
,[110,166,"mx_point_dead_vegetation"]
,[113,173,"mx_point_dead_vegetation"]
,[114,174,"mx_trees2"]
,[113,175,"mx_grass"]
,[114,175,"mx_prison_bus"]
,[114,177,"mx_grass2"]
,[119,178,"mx_grass2"]
,[118,178,"mx_grass2"]
,[114,178,"mx_trees"]
,[112,175,"mx_grave"]
,[113,179,"mx_trees"]
,[114,179,"mx_grass2"]
,[116,179,"mx_grass"]
,[120,177,"mx_grass"]
,[120,179,"mx_grass"]
,[121,176,"mx_grass"]
,[121,178,"mx_grass"]
,[122,175,"mx_grass"]
,[123,178,"mx_grass"]
,[124,179,"mx_grass2"]
,[125,179,"mx_grass2"]
,[127,179,"mx_pond_forest"]
,[106,177,"mx_point_burned_ground"]
,[146,155,"mx_pond_swamp"]
,[151,131,"mx_spider"]
,[152,131,"mx_grass"]
,[151,128,"mx_grass2"]
,[150,126,"mx_grass2"]
,[147,118,"mx_drugdeal"]
,[150,116,"mx_grass"]
,[150,117,"mx_roadblock"]
,[149,114,"mx_grass"]
,[151,115,"mx_grass2"]
,[152,115,"mx_point_dead_vegetation"]
,[152,118,"mx_grass"]
,[151,112,"mx_trees2"]
,[152,112,"mx_reed"]
,[153,113,"mx_reed"]
,[154,118,"mx_sand_patch"]
,[155,118,"mx_Trapdoor_spider_den"]
,[154,120,"mx_point_dead_vegetation"]
,[151,122,"mx_trees"]
,[156,120,"mx_grass"]
,[150,111,"mx_grass2"]
,[144,96,"mx_reed"]
,[144,95,"mx_reed"]
,[152,65,"mx_reed"]
,[150,63,"mx_reed"]
,[151,41,"mx_reed"]
,[145,41,"mx_grass2"]
,[128,48,"mx_trees2"]
,[126,46,"mx_grass2"]
,[126,47,"mx_grass"]
,[123,48,"mx_grass"]
,[122,46,"mx_grass"]
,[121,47,"mx_trees2"]
,[119,49,"mx_casings"]
,[119,51,"mx_grass"]
,[118,46,"mx_grass2"]
,[117,48,"mx_grass2"]
,[114,50,"mx_grass"]
,[113,49,"mx_grass"]
,[113,50,"mx_grass"]
,[113,51,"mx_grass"]
,[112,52,"mx_fallen_shed"]
,[113,54,"mx_grass"]
,[111,49,"mx_grass2"]
,[111,50,"mx_grass"]
,[111,52,"mx_point_dead_vegetation"]
,[114,55,"mx_grass"]
,[110,50,"mx_grass2"]
,[108,50,"mx_knotweed_patch"]
,[107,51,"mx_point_dead_vegetation"]
,[107,53,"mx_grass"]
,[107,55,"mx_collegekids"]
,[110,56,"mx_pond"]
,[111,56,"mx_grass"]
,[104,51,"mx_grass"]
,[104,53,"mx_grass2"]
,[101,56,"mx_grass"]
,[104,57,"mx_grass"]
,[107,57,"mx_grass"]
,[100,58,"mx_point_burned_ground"]
,[100,59,"mx_grass2"]
,[99,55,"mx_grass2"]
,[98,54,"mx_grass2"]
,[98,56,"mx_point_burned_ground"]
,[98,57,"mx_trees"]
,[99,52,"mx_trees2"]
,[98,51,"mx_point_dead_vegetation"]
,[99,51,"mx_grass"]
,[100,51,"mx_point_burned_ground"]
,[99,49,"mx_trees2"]
,[101,49,"mx_grass"]
,[97,51,"mx_grass2"]
,[98,48,"mx_grass"]
,[97,47,"mx_grass2"]
,[98,47,"mx_trees2"]
,[99,46,"mx_point_dead_vegetation"]
,[102,46,"mx_fungal_zone"]
,[96,47,"mx_grass"]
,[96,44,"mx_collegekids"]
,[94,49,"mx_grass2"]
,[93,46,"mx_grass2"]
,[93,47,"mx_grass2"]
,[89,42,"mx_trees2"]
,[88,42,"mx_grass2"]
,[84,42,"mx_grass"]
,[82,41,"mx_grass2"]
,[76,37,"mx_spider"]
,[73,39,"mx_point_dead_vegetation"]
,[71,37,"mx_point_burned_ground"]
,[69,36,"mx_grass"]
,[64,41,"mx_blackberry_patch"]
,[62,36,"mx_clearcut"]
,[53,38,"mx_shrubbery"]
,[49,39,"mx_collegekids"]
,[48,39,"mx_grass"]
,[47,41,"mx_grass2"]
,[52,32,"mx_nest_wasp"]
,[52,34,"mx_grove"]
,[53,32,"mx_casings"]
,[52,29,"mx_grass2"]
,[51,28,"mx_sand_patch"]
,[50,26,"mx_sand_patch"]
,[51,26,"mx_casings"]
,[52,25,"mx_grass"]
,[50,24,"mx_pond"]
,[51,22,"mx_grass"]
,[54,23,"mx_grass"]
,[49,18,"mx_bandits_block"]
,[50,18,"mx_grass"]
,[51,18,"mx_trees2"]
,[51,17,"mx_grass"]
,[48,15,"mx_grass"]
,[51,11,"mx_grass2"]
,[47,10,"mx_trees2"]
,[50,10,"mx_trees"]
,[49,9,"mx_grass"]
,[45,17,"mx_grass2"]
,[44,11,"mx_grass"]
,[44,10,"mx_grass"]
,[43,8,"mx_science"]
,[42,8,"mx_grass"]
,[45,18,"mx_nest_wasp"]
,[41,13,"mx_grass"]
,[42,20,"mx_grass2"]
,[39,21,"mx_grass"]
,[38,21,"mx_grass"]
,[35,20,"mx_grass2"]
,[32,16,"mx_grass2"]
,[31,16,"mx_grass2"]
,[30,15,"mx_grass"]
,[30,16,"mx_trees"]
,[30,17,"mx_grass2"]
,[30,18,"mx_point_dead_vegetation"]
,[29,14,"mx_grass2"]
,[29,16,"mx_grass"]
,[28,14,"mx_grass2"]
,[28,15,"mx_point_burned_ground"]
,[27,16,"mx_grass2"]
,[26,17,"mx_grass2"]
,[25,16,"mx_trees2"]
,[25,17,"mx_grass2"]
,[28,13,"mx_grass"]
,[24,16,"mx_portal"]
,[27,12,"mx_trees2"]
,[23,14,"mx_grass2"]
,[23,17,"mx_grass2"]
,[22,15,"mx_point_dead_vegetation"]
,[21,12,"mx_grass"]
,[20,16,"mx_grass"]
,[17,13,"mx_knotweed_patch"]
,[16,12,"mx_knotweed_patch"]
,[16,13,"mx_grass2"]
,[15,13,"mx_grass"]
,[14,12,"mx_trees2"]
,[13,12,"mx_grass"]
,[12,11,"mx_grass2"]
,[9,10,"mx_trees"]
,[8,13,"mx_grass"]
,[13,9,"mx_grass2"]
,[13,7,"mx_grass"]
,[4,12,"mx_science"]
,[3,10,"mx_point_burned_ground"]
,[0,10,"mx_grass"]
,[2,18,"mx_casings"]
,[0,19,"mx_trees2"]
,[1,19,"mx_grass2"]
,[2,20,"mx_point_burned_ground"]
,[0,22,"mx_grass"]
,[6,17,"mx_grass"]
,[4,23,"mx_spider"]
,[6,23,"mx_blackberry_patch"]
,[22,17,"mx_grass"]
,[30,11,"mx_grass"]
,[31,12,"mx_grass2"]
,[34,12,"mx_grass2"]
,[47,23,"mx_point_dead_vegetation"]
,[49,8,"mx_grass2"]
,[48,7,"mx_worm_sign"]
,[51,6,"mx_grass2"]
,[51,5,"mx_point_dead_vegetation"]
,[48,4,"mx_grass2"]
,[49,1,"mx_grass"]
,[51,1,"mx_grass2"]
,[51,0,"mx_grass2"]
,[102,0,"mx_fallen_shed"]
,[102,2,"mx_grass"]
,[106,2,"mx_point_dead_vegetation"]
,[104,3,"mx_trees"]
,[107,1,"mx_casings"]
,[108,3,"mx_grass2"]
,[104,5,"mx_point_dead_vegetation"]
,[106,5,"mx_grass2"]
,[109,2,"mx_grass2"]
,[109,4,"mx_point_burned_ground"]
,[109,5,"mx_trees2"]
,[104,6,"mx_grass2"]
,[110,3,"mx_knotweed_patch"]
,[110,4,"mx_grass"]
,[105,7,"mx_grass2"]
,[106,7,"mx_grass2"]
,[107,7,"mx_grass"]
,[106,8,"mx_grass"]
,[109,8,"mx_trees2"]
,[111,7,"mx_grass"]
,[109,9,"mx_grass2"]
,[112,7,"mx_grass"]
,[110,11,"mx_grass2"]
,[112,11,"mx_point_dead_vegetation"]
,[113,11,"mx_grass2"]
,[110,12,"mx_shrubbery"]
,[116,12,"mx_grass2"]
,[114,14,"mx_grass"]
,[115,14,"mx_fallen_shed"]
,[117,14,"mx_grass"]
,[114,15,"mx_grass2"]
,[117,16,"mx_grass2"]
,[119,16,"mx_grass"]
,[120,16,"mx_grass2"]
,[118,17,"mx_point_dead_vegetation"]
,[121,16,"mx_grass"]
,[117,19,"mx_trees2"]
,[122,17,"mx_roadworks"]
,[122,18,"mx_trees2"]
,[123,17,"mx_grass2"]
,[123,18,"mx_point_burned_ground"]
,[118,21,"mx_point_dead_vegetation"]
,[124,17,"mx_grass"]
,[126,15,"mx_mayhem"]
,[126,18,"mx_grass"]
,[118,9,"mx_grass"]
,[117,8,"mx_grass2"]
,[119,8,"mx_pond"]
,[120,8,"mx_grass2"]
,[116,7,"mx_grass2"]
,[118,7,"mx_sand_patch"]
,[114,5,"mx_grass"]
,[113,4,"mx_grass2"]
,[111,2,"mx_grass2"]
,[112,2,"mx_trees2"]
,[55,0,"mx_nest_wasp"]
,[56,0,"mx_grass"]
,[57,0,"mx_grass"]
,[57,3,"mx_grass"]
,[53,4,"mx_grass"]
,[54,4,"mx_grass2"]
,[45,5,"mx_grass2"]
,[43,6,"mx_grass2"]
,[60,1,"mx_collegekids"]
,[60,2,"mx_grass2"]
,[61,0,"mx_grass2"]
,[64,0,"mx_point_burned_ground"]
,[44,1,"mx_grass"]
,[43,3,"mx_grass"]
,[40,0,"mx_grass"]
,[40,2,"mx_trees"]
,[40,3,"mx_grass2"]
,[40,4,"mx_grass"]
,[39,2,"mx_grass"]
,[38,0,"mx_grass2"]
,[38,3,"mx_point_dead_vegetation"]
,[37,0,"mx_grass2"]
,[37,1,"mx_grass"]
,[35,1,"mx_point_dead_vegetation"]
,[35,2,"mx_grass"]
,[33,0,"mx_trees2"]
,[29,0,"mx_grass2"]
,[29,3,"mx_grass2"]
,[29,4,"mx_grass"]
,[26,3,"mx_sand_patch"]
,[25,1,"mx_grass"]
,[24,0,"mx_grass2"]
,[24,3,"mx_point_burned_ground"]
,[24,5,"mx_grass2"]
,[29,5,"mx_grass"]
,[25,6,"mx_point_burned_ground"]
,[31,6,"mx_grass"]
,[32,5,"mx_trees2"]
,[32,6,"mx_grass"]
,[27,7,"mx_grass"]
,[33,5,"mx_grass2"]
,[35,6,"mx_grass2"]
,[35,7,"mx_trees2"]
,[35,8,"mx_trees"]
,[30,9,"mx_fallen_shed"]
,[37,7,"mx_fallen_shed"]
,[38,7,"mx_trees"]
,[38,10,"mx_grass2"]
,[39,8,"mx_grass"]
,[39,9,"mx_trees"]
,[39,12,"mx_point_burned_ground"]
,[128,15,"mx_grass"]
,[129,18,"mx_grass"]
,[133,17,"mx_trees2"]
,[136,17,"mx_grass2"]
,[136,18,"mx_spider"]
,[133,14,"mx_grass"]
,[134,14,"mx_knotweed_patch"]
,[135,14,"mx_grass"]
,[137,16,"mx_grass2"]
,[133,13,"mx_grass2"]
,[135,13,"mx_point_dead_vegetation"]
,[139,17,"mx_grass"]
,[138,10,"mx_fallen_shed"]
,[136,9,"mx_grass"]
,[168,14,"mx_point_dead_vegetation"]
,[169,14,"mx_pond"]
,[173,16,"mx_grass"]
,[177,19,"mx_trees2"]
,[177,20,"mx_trees"]
,[172,25,"mx_pond_swamp"]
,[173,28,"mx_point_burned_ground"]
,[172,30,"mx_pond_forest_2"]
,[172,33,"mx_point_dead_vegetation"]
,[175,36,"mx_grass"]
,[176,71,"mx_grass"]
,[144,83,"mx_reed"]
,[144,84,"mx_reed"]
,[148,107,"mx_trees2"]
,[148,108,"mx_trees2"]
,[151,126,"mx_grass"]
,[154,130,"mx_grass2"]
,[152,125,"mx_grass2"]
,[152,124,"mx_grass"]
,[159,127,"mx_grass2"]
,[161,127,"mx_grass"]
,[157,122,"mx_trees"]
,[160,122,"mx_reed"]
,[161,121,"mx_reed"]
,[143,133,"mx_grass2"]
,[142,129,"mx_grass"]
,[140,135,"mx_grass2"]
,[141,136,"mx_grass2"]
,[143,137,"mx_grass"]
,[144,138,"mx_grass"]
,[144,139,"mx_grass2"]
],[[171,166,"mx_portal"]
,[132,176,"mx_point_burned_ground"]
,[79,36,"mx_military"]
],[],[],[],[[49,29,"mx_point_burned_ground"]
],[],[],[],[],[]]}